Model
  Triangle:
    (166, 189)
    (210 166)
    (189 233)
  Triangle:
    (233, 210)
    (210 166)
    (189 233)
  Triangle:
    (189, 233)
    (233 210)
    (211 278)
  Triangle:
    (256, 255)
    (233 210)
    (211 278)
  Triangle:
    (143, 144)
    (188 121)
    (166 189)
  Triangle:
    (210, 166)
    (188 121)
    (166 189)
  Triangle:
    (233, 210)
    (278 188)
    (256 255)
  Triangle:
    (300, 232)
    (278 188)
    (256 255)
Model
  Triangle:
    (418, 225)
    (381 225)
    (418 275)
  Triangle:
    (381, 275)
    (381 225)
    (418 275)
  Triangle:
    (418, 125)
    (381 125)
    (418 175)
  Triangle:
    (381, 175)
    (381 125)
    (418 175)
  Triangle:
    (381, 225)
    (344 225)
    (381 275)
  Triangle:
    (344, 275)
    (344 225)
    (381 275)
  Triangle:
    (381, 175)
    (344 175)
    (381 225)
  Triangle:
    (344, 225)
    (344 175)
    (381 225)
  Triangle:
    (381, 125)
    (344 125)
    (381 175)
  Triangle:
    (344, 175)
    (344 125)
    (381 175)
  Triangle:
    (455, 225)
    (418 225)
    (455 275)
  Triangle:
    (418, 275)
    (418 225)
    (455 275)
  Triangle:
    (455, 175)
    (418 175)
    (455 225)
  Triangle:
    (418, 225)
    (418 175)
    (455 225)
  Triangle:
    (455, 125)
    (418 125)
    (455 175)
  Triangle:
    (418, 175)
    (418 125)
    (455 175)
Model
  Triangle:
    (575, 224)
    (625 224)
    (575 175)
  Triangle:
    (625, 175)
    (625 224)
    (575 175)
  Triangle:
    (575, 175)
    (625 175)
    (575 127)
  Triangle:
    (625, 127)
    (625 175)
    (575 127)
  Triangle:
    (575, 272)
    (625 272)
    (575 224)
  Triangle:
    (625, 224)
    (625 272)
    (575 224)
  Triangle:
    (625, 272)
    (675 272)
    (625 224)
  Triangle:
    (675, 224)
    (675 272)
    (625 224)
  Triangle:
    (525, 272)
    (575 272)
    (525 224)
  Triangle:
    (575, 224)
    (575 272)
    (525 224)

