Model
  Triangle:
    (168, 183)
    (216 168)
    (183 231)
  Triangle:
    (231, 216)
    (216 168)
    (183 231)
  Triangle:
    (183, 231)
    (231 216)
    (199 279)
  Triangle:
    (246, 263)
    (231 216)
    (199 279)
  Triangle:
    (153, 136)
    (200 120)
    (168 183)
  Triangle:
    (216, 168)
    (200 120)
    (168 183)
  Triangle:
    (231, 216)
    (279 200)
    (246 263)
  Triangle:
    (294, 248)
    (279 200)
    (246 263)
Model
  Triangle:
    (416, 225)
    (383 225)
    (416 275)
  Triangle:
    (383, 275)
    (383 225)
    (416 275)
  Triangle:
    (416, 125)
    (383 125)
    (416 175)
  Triangle:
    (383, 175)
    (383 125)
    (416 175)
  Triangle:
    (383, 225)
    (349 225)
    (383 275)
  Triangle:
    (349, 275)
    (349 225)
    (383 275)
  Triangle:
    (383, 175)
    (349 175)
    (383 225)
  Triangle:
    (349, 225)
    (349 175)
    (383 225)
  Triangle:
    (383, 125)
    (349 125)
    (383 175)
  Triangle:
    (349, 175)
    (349 125)
    (383 175)
  Triangle:
    (450, 225)
    (416 225)
    (450 275)
  Triangle:
    (416, 275)
    (416 225)
    (450 275)
  Triangle:
    (450, 175)
    (416 175)
    (450 225)
  Triangle:
    (416, 225)
    (416 175)
    (450 225)
  Triangle:
    (450, 125)
    (416 125)
    (450 175)
  Triangle:
    (416, 175)
    (416 125)
    (450 175)
Model
  Triangle:
    (575, 221)
    (625 221)
    (575 178)
  Triangle:
    (625, 178)
    (625 221)
    (575 178)
  Triangle:
    (575, 178)
    (625 178)
    (575 135)
  Triangle:
    (625, 135)
    (625 178)
    (575 135)
  Triangle:
    (575, 264)
    (625 264)
    (575 221)
  Triangle:
    (625, 221)
    (625 264)
    (575 221)
  Triangle:
    (625, 264)
    (675 264)
    (625 221)
  Triangle:
    (675, 221)
    (675 264)
    (625 221)
  Triangle:
    (525, 264)
    (575 264)
    (525 221)
  Triangle:
    (575, 221)
    (575 264)
    (525 221)

