Model
  Triangle:
    (183, 231)
    (168 183)
    (231 216)
  Triangle:
    (216, 168)
    (168 183)
    (231 216)
  Triangle:
    (231, 216)
    (216 168)
    (279 200)
  Triangle:
    (263, 153)
    (216 168)
    (279 200)
  Triangle:
    (136, 246)
    (120 199)
    (183 231)
  Triangle:
    (168, 183)
    (120 199)
    (183 231)
  Triangle:
    (216, 168)
    (200 120)
    (263 153)
  Triangle:
    (248, 105)
    (200 120)
    (263 153)
Model
  Triangle:
    (383, 225)
    (416 225)
    (383 275)
  Triangle:
    (416, 275)
    (416 225)
    (383 275)
  Triangle:
    (383, 125)
    (416 125)
    (383 175)
  Triangle:
    (416, 175)
    (416 125)
    (383 175)
  Triangle:
    (416, 225)
    (450 225)
    (416 275)
  Triangle:
    (450, 275)
    (450 225)
    (416 275)
  Triangle:
    (416, 175)
    (450 175)
    (416 225)
  Triangle:
    (450, 225)
    (450 175)
    (416 225)
  Triangle:
    (416, 125)
    (450 125)
    (416 175)
  Triangle:
    (450, 175)
    (450 125)
    (416 175)
  Triangle:
    (349, 225)
    (383 225)
    (349 275)
  Triangle:
    (383, 275)
    (383 225)
    (349 275)
  Triangle:
    (349, 175)
    (383 175)
    (349 225)
  Triangle:
    (383, 225)
    (383 175)
    (349 225)
  Triangle:
    (349, 125)
    (383 125)
    (349 175)
  Triangle:
    (383, 175)
    (383 125)
    (349 175)
Model
  Triangle:
    (575, 187)
    (625 187)
    (575 212)
  Triangle:
    (625, 212)
    (625 187)
    (575 212)
  Triangle:
    (575, 212)
    (625 212)
    (575 237)
  Triangle:
    (625, 237)
    (625 212)
    (575 237)
  Triangle:
    (575, 162)
    (625 162)
    (575 187)
  Triangle:
    (625, 187)
    (625 162)
    (575 187)
  Triangle:
    (625, 162)
    (675 162)
    (625 187)
  Triangle:
    (675, 187)
    (675 162)
    (625 187)
  Triangle:
    (525, 162)
    (575 162)
    (525 187)
  Triangle:
    (575, 187)
    (575 162)
    (525 187)

