Model
  Triangle:
    (205, 234)
    (165 205)
    (234 194)
  Triangle:
    (194, 165)
    (165 205)
    (234 194)
  Triangle:
    (234, 194)
    (194 165)
    (264 154)
  Triangle:
    (223, 124)
    (194 165)
    (264 154)
  Triangle:
    (176, 275)
    (135 245)
    (205 234)
  Triangle:
    (165, 205)
    (135 245)
    (205 234)
  Triangle:
    (194, 165)
    (154 135)
    (223 124)
  Triangle:
    (183, 95)
    (154 135)
    (223 124)
Model
  Triangle:
    (420, 225)
    (379 225)
    (420 275)
  Triangle:
    (379, 275)
    (379 225)
    (420 275)
  Triangle:
    (420, 125)
    (379 125)
    (420 175)
  Triangle:
    (379, 175)
    (379 125)
    (420 175)
  Triangle:
    (379, 225)
    (339 225)
    (379 275)
  Triangle:
    (339, 275)
    (339 225)
    (379 275)
  Triangle:
    (379, 175)
    (339 175)
    (379 225)
  Triangle:
    (339, 225)
    (339 175)
    (379 225)
  Triangle:
    (379, 125)
    (339 125)
    (379 175)
  Triangle:
    (339, 175)
    (339 125)
    (379 175)
  Triangle:
    (460, 225)
    (420 225)
    (460 275)
  Triangle:
    (420, 275)
    (420 225)
    (460 275)
  Triangle:
    (460, 175)
    (420 175)
    (460 225)
  Triangle:
    (420, 225)
    (420 175)
    (460 225)
  Triangle:
    (460, 125)
    (420 125)
    (460 175)
  Triangle:
    (420, 175)
    (420 125)
    (460 175)
Model
  Triangle:
    (575, 175)
    (625 175)
    (575 225)
  Triangle:
    (625, 225)
    (625 175)
    (575 225)
  Triangle:
    (575, 225)
    (625 225)
    (575 275)
  Triangle:
    (625, 275)
    (625 225)
    (575 275)
  Triangle:
    (575, 125)
    (625 125)
    (575 175)
  Triangle:
    (625, 175)
    (625 125)
    (575 175)
  Triangle:
    (625, 125)
    (675 125)
    (625 175)
  Triangle:
    (675, 175)
    (675 125)
    (625 175)
  Triangle:
    (525, 125)
    (575 125)
    (525 175)
  Triangle:
    (575, 175)
    (575 125)
    (525 175)

