Model
  Triangle:
    (234, 205)
    (194 234)
    (205 165)
  Triangle:
    (165, 194)
    (194 234)
    (205 165)
  Triangle:
    (205, 165)
    (165 194)
    (176 124)
  Triangle:
    (135, 154)
    (165 194)
    (176 124)
  Triangle:
    (264, 245)
    (223 275)
    (234 205)
  Triangle:
    (194, 234)
    (223 275)
    (234 205)
  Triangle:
    (165, 194)
    (124 223)
    (135 154)
  Triangle:
    (95, 183)
    (124 223)
    (135 154)
Model
  Triangle:
    (377, 225)
    (422 225)
    (377 275)
  Triangle:
    (422, 275)
    (422 225)
    (377 275)
  Triangle:
    (377, 125)
    (422 125)
    (377 175)
  Triangle:
    (422, 175)
    (422 125)
    (377 175)
  Triangle:
    (422, 225)
    (468 225)
    (422 275)
  Triangle:
    (468, 275)
    (468 225)
    (422 275)
  Triangle:
    (422, 175)
    (468 175)
    (422 225)
  Triangle:
    (468, 225)
    (468 175)
    (422 225)
  Triangle:
    (422, 125)
    (468 125)
    (422 175)
  Triangle:
    (468, 175)
    (468 125)
    (422 175)
  Triangle:
    (331, 225)
    (377 225)
    (331 275)
  Triangle:
    (377, 275)
    (377 225)
    (331 275)
  Triangle:
    (331, 175)
    (377 175)
    (331 225)
  Triangle:
    (377, 225)
    (377 175)
    (331 225)
  Triangle:
    (331, 125)
    (377 125)
    (331 175)
  Triangle:
    (377, 175)
    (377 125)
    (331 175)
Model
  Triangle:
    (575, 212)
    (625 212)
    (575 187)
  Triangle:
    (625, 187)
    (625 212)
    (575 187)
  Triangle:
    (575, 187)
    (625 187)
    (575 162)
  Triangle:
    (625, 162)
    (625 187)
    (575 162)
  Triangle:
    (575, 237)
    (625 237)
    (575 212)
  Triangle:
    (625, 212)
    (625 237)
    (575 212)
  Triangle:
    (625, 237)
    (675 237)
    (625 212)
  Triangle:
    (675, 212)
    (675 237)
    (625 212)
  Triangle:
    (525, 237)
    (575 237)
    (525 212)
  Triangle:
    (575, 212)
    (575 237)
    (525 212)

