Model
  Triangle:
    (220, 171)
    (228 220)
    (171 179)
  Triangle:
    (179, 228)
    (228 220)
    (171 179)
  Triangle:
    (171, 179)
    (179 228)
    (122 187)
  Triangle:
    (129, 236)
    (179 228)
    (122 187)
  Triangle:
    (270, 163)
    (277 212)
    (220 171)
  Triangle:
    (228, 220)
    (277 212)
    (220 171)
  Triangle:
    (179, 228)
    (187 277)
    (129 236)
  Triangle:
    (137, 285)
    (187 277)
    (129 236)
Model
  Triangle:
    (424, 225)
    (375 225)
    (424 275)
  Triangle:
    (375, 275)
    (375 225)
    (424 275)
  Triangle:
    (424, 125)
    (375 125)
    (424 175)
  Triangle:
    (375, 175)
    (375 125)
    (424 175)
  Triangle:
    (375, 225)
    (325 225)
    (375 275)
  Triangle:
    (325, 275)
    (325 225)
    (375 275)
  Triangle:
    (375, 175)
    (325 175)
    (375 225)
  Triangle:
    (325, 225)
    (325 175)
    (375 225)
  Triangle:
    (375, 125)
    (325 125)
    (375 175)
  Triangle:
    (325, 175)
    (325 125)
    (375 175)
  Triangle:
    (474, 225)
    (424 225)
    (474 275)
  Triangle:
    (424, 275)
    (424 225)
    (474 275)
  Triangle:
    (474, 175)
    (424 175)
    (474 225)
  Triangle:
    (424, 225)
    (424 175)
    (474 225)
  Triangle:
    (474, 125)
    (424 125)
    (474 175)
  Triangle:
    (424, 175)
    (424 125)
    (474 175)
Model
  Triangle:
    (575, 206)
    (625 206)
    (575 193)
  Triangle:
    (625, 193)
    (625 206)
    (575 193)
  Triangle:
    (575, 193)
    (625 193)
    (575 180)
  Triangle:
    (625, 180)
    (625 193)
    (575 180)
  Triangle:
    (575, 219)
    (625 219)
    (575 206)
  Triangle:
    (625, 206)
    (625 219)
    (575 206)
  Triangle:
    (625, 219)
    (675 219)
    (625 206)
  Triangle:
    (675, 206)
    (675 219)
    (625 206)
  Triangle:
    (525, 219)
    (575 219)
    (525 206)
  Triangle:
    (575, 206)
    (575 219)
    (525 206)

