Model
  Triangle:
    (205, 165)
    (234 205)
    (165 194)
  Triangle:
    (194, 234)
    (234 205)
    (165 194)
  Triangle:
    (165, 194)
    (194 234)
    (124 223)
  Triangle:
    (154, 264)
    (194 234)
    (124 223)
  Triangle:
    (245, 135)
    (275 176)
    (205 165)
  Triangle:
    (234, 205)
    (275 176)
    (205 165)
  Triangle:
    (194, 234)
    (223 275)
    (154 264)
  Triangle:
    (183, 304)
    (223 275)
    (154 264)
Model
  Triangle:
    (397, 225)
    (402 225)
    (397 275)
  Triangle:
    (402, 275)
    (402 225)
    (397 275)
  Triangle:
    (397, 125)
    (402 125)
    (397 175)
  Triangle:
    (402, 175)
    (402 125)
    (397 175)
  Triangle:
    (402, 225)
    (407 225)
    (402 275)
  Triangle:
    (407, 275)
    (407 225)
    (402 275)
  Triangle:
    (402, 175)
    (407 175)
    (402 225)
  Triangle:
    (407, 225)
    (407 175)
    (402 225)
  Triangle:
    (402, 125)
    (407 125)
    (402 175)
  Triangle:
    (407, 175)
    (407 125)
    (402 175)
  Triangle:
    (392, 225)
    (397 225)
    (392 275)
  Triangle:
    (397, 275)
    (397 225)
    (392 275)
  Triangle:
    (392, 175)
    (397 175)
    (392 225)
  Triangle:
    (397, 225)
    (397 175)
    (392 225)
  Triangle:
    (392, 125)
    (397 125)
    (392 175)
  Triangle:
    (397, 175)
    (397 125)
    (392 175)
Model
  Triangle:
    (575, 178)
    (625 178)
    (575 221)
  Triangle:
    (625, 221)
    (625 178)
    (575 221)
  Triangle:
    (575, 221)
    (625 221)
    (575 264)
  Triangle:
    (625, 264)
    (625 221)
    (575 264)
  Triangle:
    (575, 135)
    (625 135)
    (575 178)
  Triangle:
    (625, 178)
    (625 135)
    (575 178)
  Triangle:
    (625, 135)
    (675 135)
    (625 178)
  Triangle:
    (675, 178)
    (675 135)
    (625 178)
  Triangle:
    (525, 135)
    (575 135)
    (525 178)
  Triangle:
    (575, 178)
    (575 135)
    (525 178)

