Model
  Triangle:
    (200, 235)
    (164 200)
    (235 200)
  Triangle:
    (200, 164)
    (164 200)
    (235 200)
  Triangle:
    (235, 200)
    (200 164)
    (270 164)
  Triangle:
    (235, 129)
    (200 164)
    (270 164)
  Triangle:
    (164, 270)
    (129 235)
    (200 235)
  Triangle:
    (164, 200)
    (129 235)
    (200 235)
  Triangle:
    (200, 164)
    (164 129)
    (235 129)
  Triangle:
    (200, 93)
    (164 129)
    (235 129)
Model
  Triangle:
    (421, 225)
    (378 225)
    (421 275)
  Triangle:
    (378, 275)
    (378 225)
    (421 275)
  Triangle:
    (421, 125)
    (378 125)
    (421 175)
  Triangle:
    (378, 175)
    (378 125)
    (421 175)
  Triangle:
    (378, 225)
    (335 225)
    (378 275)
  Triangle:
    (335, 275)
    (335 225)
    (378 275)
  Triangle:
    (378, 175)
    (335 175)
    (378 225)
  Triangle:
    (335, 225)
    (335 175)
    (378 225)
  Triangle:
    (378, 125)
    (335 125)
    (378 175)
  Triangle:
    (335, 175)
    (335 125)
    (378 175)
  Triangle:
    (464, 225)
    (421 225)
    (464 275)
  Triangle:
    (421, 275)
    (421 225)
    (464 275)
  Triangle:
    (464, 175)
    (421 175)
    (464 225)
  Triangle:
    (421, 225)
    (421 175)
    (464 225)
  Triangle:
    (464, 125)
    (421 125)
    (464 175)
  Triangle:
    (421, 175)
    (421 125)
    (464 175)
Model
  Triangle:
    (575, 175)
    (625 175)
    (575 224)
  Triangle:
    (625, 224)
    (625 175)
    (575 224)
  Triangle:
    (575, 224)
    (625 224)
    (575 272)
  Triangle:
    (625, 272)
    (625 224)
    (575 272)
  Triangle:
    (575, 127)
    (625 127)
    (575 175)
  Triangle:
    (625, 175)
    (625 127)
    (575 175)
  Triangle:
    (625, 127)
    (675 127)
    (625 175)
  Triangle:
    (675, 175)
    (675 127)
    (625 175)
  Triangle:
    (525, 127)
    (575 127)
    (525 175)
  Triangle:
    (575, 175)
    (575 127)
    (525 175)

