Model
  Triangle:
    (233, 210)
    (189 233)
    (210 166)
  Triangle:
    (166, 189)
    (189 233)
    (210 166)
  Triangle:
    (210, 166)
    (166 189)
    (188 121)
  Triangle:
    (143, 144)
    (166 189)
    (188 121)
  Triangle:
    (256, 255)
    (211 278)
    (233 210)
  Triangle:
    (189, 233)
    (211 278)
    (233 210)
  Triangle:
    (166, 189)
    (121 211)
    (143 144)
  Triangle:
    (99, 167)
    (121 211)
    (143 144)
Model
  Triangle:
    (405, 225)
    (394 225)
    (405 275)
  Triangle:
    (394, 275)
    (394 225)
    (405 275)
  Triangle:
    (405, 125)
    (394 125)
    (405 175)
  Triangle:
    (394, 175)
    (394 125)
    (405 175)
  Triangle:
    (394, 225)
    (384 225)
    (394 275)
  Triangle:
    (384, 275)
    (384 225)
    (394 275)
  Triangle:
    (394, 175)
    (384 175)
    (394 225)
  Triangle:
    (384, 225)
    (384 175)
    (394 225)
  Triangle:
    (394, 125)
    (384 125)
    (394 175)
  Triangle:
    (384, 175)
    (384 125)
    (394 175)
  Triangle:
    (415, 225)
    (405 225)
    (415 275)
  Triangle:
    (405, 275)
    (405 225)
    (415 275)
  Triangle:
    (415, 175)
    (405 175)
    (415 225)
  Triangle:
    (405, 225)
    (405 175)
    (415 225)
  Triangle:
    (415, 125)
    (405 125)
    (415 175)
  Triangle:
    (405, 175)
    (405 125)
    (415 175)
Model
  Triangle:
    (575, 206)
    (625 206)
    (575 193)
  Triangle:
    (625, 193)
    (625 206)
    (575 193)
  Triangle:
    (575, 193)
    (625 193)
    (575 180)
  Triangle:
    (625, 180)
    (625 193)
    (575 180)
  Triangle:
    (575, 219)
    (625 219)
    (575 206)
  Triangle:
    (625, 206)
    (625 219)
    (575 206)
  Triangle:
    (625, 219)
    (675 219)
    (625 206)
  Triangle:
    (675, 206)
    (675 219)
    (625 206)
  Triangle:
    (525, 219)
    (575 219)
    (525 206)
  Triangle:
    (575, 206)
    (575 219)
    (525 206)

