Model
  Triangle:
    (168, 183)
    (216 168)
    (183 231)
  Triangle:
    (231, 216)
    (216 168)
    (183 231)
  Triangle:
    (183, 231)
    (231 216)
    (199 279)
  Triangle:
    (246, 263)
    (231 216)
    (199 279)
  Triangle:
    (153, 136)
    (200 120)
    (168 183)
  Triangle:
    (216, 168)
    (200 120)
    (168 183)
  Triangle:
    (231, 216)
    (279 200)
    (246 263)
  Triangle:
    (294, 248)
    (279 200)
    (246 263)
Model
  Triangle:
    (407, 225)
    (392 225)
    (407 275)
  Triangle:
    (392, 275)
    (392 225)
    (407 275)
  Triangle:
    (407, 125)
    (392 125)
    (407 175)
  Triangle:
    (392, 175)
    (392 125)
    (407 175)
  Triangle:
    (392, 225)
    (376 225)
    (392 275)
  Triangle:
    (376, 275)
    (376 225)
    (392 275)
  Triangle:
    (392, 175)
    (376 175)
    (392 225)
  Triangle:
    (376, 225)
    (376 175)
    (392 225)
  Triangle:
    (392, 125)
    (376 125)
    (392 175)
  Triangle:
    (376, 175)
    (376 125)
    (392 175)
  Triangle:
    (423, 225)
    (407 225)
    (423 275)
  Triangle:
    (407, 275)
    (407 225)
    (423 275)
  Triangle:
    (423, 175)
    (407 175)
    (423 225)
  Triangle:
    (407, 225)
    (407 175)
    (423 225)
  Triangle:
    (423, 125)
    (407 125)
    (423 175)
  Triangle:
    (407, 175)
    (407 125)
    (423 175)
Model
  Triangle:
    (575, 200)
    (625 200)
    (575 199)
  Triangle:
    (625, 199)
    (625 200)
    (575 199)
  Triangle:
    (575, 199)
    (625 199)
    (575 199)
  Triangle:
    (625, 199)
    (625 199)
    (575 199)
  Triangle:
    (575, 200)
    (625 200)
    (575 200)
  Triangle:
    (625, 200)
    (625 200)
    (575 200)
  Triangle:
    (625, 200)
    (675 200)
    (625 200)
  Triangle:
    (675, 200)
    (675 200)
    (625 200)
  Triangle:
    (525, 200)
    (575 200)
    (525 200)
  Triangle:
    (575, 200)
    (575 200)
    (525 200)

