Model
  Triangle:
    (168, 216)
    (183 168)
    (216 231)
  Triangle:
    (231, 183)
    (183 168)
    (216 231)
  Triangle:
    (216, 231)
    (231 183)
    (263 246)
  Triangle:
    (279, 199)
    (231 183)
    (263 246)
  Triangle:
    (120, 200)
    (136 153)
    (168 216)
  Triangle:
    (183, 168)
    (136 153)
    (168 216)
  Triangle:
    (231, 183)
    (246 136)
    (279 199)
  Triangle:
    (294, 151)
    (246 136)
    (279 199)
Model
  Triangle:
    (424, 225)
    (375 225)
    (424 275)
  Triangle:
    (375, 275)
    (375 225)
    (424 275)
  Triangle:
    (424, 125)
    (375 125)
    (424 175)
  Triangle:
    (375, 175)
    (375 125)
    (424 175)
  Triangle:
    (375, 225)
    (326 225)
    (375 275)
  Triangle:
    (326, 275)
    (326 225)
    (375 275)
  Triangle:
    (375, 175)
    (326 175)
    (375 225)
  Triangle:
    (326, 225)
    (326 175)
    (375 225)
  Triangle:
    (375, 125)
    (326 125)
    (375 175)
  Triangle:
    (326, 175)
    (326 125)
    (375 175)
  Triangle:
    (473, 225)
    (424 225)
    (473 275)
  Triangle:
    (424, 275)
    (424 225)
    (473 275)
  Triangle:
    (473, 175)
    (424 175)
    (473 225)
  Triangle:
    (424, 225)
    (424 175)
    (473 225)
  Triangle:
    (473, 125)
    (424 125)
    (473 175)
  Triangle:
    (424, 175)
    (424 125)
    (473 175)
Model
  Triangle:
    (575, 212)
    (625 212)
    (575 187)
  Triangle:
    (625, 187)
    (625 212)
    (575 187)
  Triangle:
    (575, 187)
    (625 187)
    (575 162)
  Triangle:
    (625, 162)
    (625 187)
    (575 162)
  Triangle:
    (575, 237)
    (625 237)
    (575 212)
  Triangle:
    (625, 212)
    (625 237)
    (575 212)
  Triangle:
    (625, 237)
    (675 237)
    (625 212)
  Triangle:
    (675, 212)
    (675 237)
    (625 212)
  Triangle:
    (525, 237)
    (575 237)
    (525 212)
  Triangle:
    (575, 212)
    (575 237)
    (525 212)

