Model
  Triangle:
    (165, 205)
    (194 165)
    (205 234)
  Triangle:
    (234, 194)
    (194 165)
    (205 234)
  Triangle:
    (205, 234)
    (234 194)
    (245 264)
  Triangle:
    (275, 223)
    (234 194)
    (245 264)
  Triangle:
    (124, 176)
    (154 135)
    (165 205)
  Triangle:
    (194, 165)
    (154 135)
    (165 205)
  Triangle:
    (234, 194)
    (264 154)
    (275 223)
  Triangle:
    (304, 183)
    (264 154)
    (275 223)
Model
  Triangle:
    (397, 225)
    (402 225)
    (397 275)
  Triangle:
    (402, 275)
    (402 225)
    (397 275)
  Triangle:
    (397, 125)
    (402 125)
    (397 175)
  Triangle:
    (402, 175)
    (402 125)
    (397 175)
  Triangle:
    (402, 225)
    (407 225)
    (402 275)
  Triangle:
    (407, 275)
    (407 225)
    (402 275)
  Triangle:
    (402, 175)
    (407 175)
    (402 225)
  Triangle:
    (407, 225)
    (407 175)
    (402 225)
  Triangle:
    (402, 125)
    (407 125)
    (402 175)
  Triangle:
    (407, 175)
    (407 125)
    (402 175)
  Triangle:
    (392, 225)
    (397 225)
    (392 275)
  Triangle:
    (397, 275)
    (397 225)
    (392 275)
  Triangle:
    (392, 175)
    (397 175)
    (392 225)
  Triangle:
    (397, 225)
    (397 175)
    (392 225)
  Triangle:
    (392, 125)
    (397 125)
    (392 175)
  Triangle:
    (397, 175)
    (397 125)
    (392 175)
Model
  Triangle:
    (575, 178)
    (625 178)
    (575 221)
  Triangle:
    (625, 221)
    (625 178)
    (575 221)
  Triangle:
    (575, 221)
    (625 221)
    (575 264)
  Triangle:
    (625, 264)
    (625 221)
    (575 264)
  Triangle:
    (575, 135)
    (625 135)
    (575 178)
  Triangle:
    (625, 178)
    (625 135)
    (575 178)
  Triangle:
    (625, 135)
    (675 135)
    (625 178)
  Triangle:
    (675, 178)
    (675 135)
    (625 178)
  Triangle:
    (525, 135)
    (575 135)
    (525 178)
  Triangle:
    (575, 178)
    (575 135)
    (525 178)

