Model
  Triangle:
    (234, 194)
    (205 234)
    (194 165)
  Triangle:
    (165, 205)
    (205 234)
    (194 165)
  Triangle:
    (194, 165)
    (165 205)
    (154 135)
  Triangle:
    (124, 176)
    (165 205)
    (154 135)
  Triangle:
    (275, 223)
    (245 264)
    (234 194)
  Triangle:
    (205, 234)
    (245 264)
    (234 194)
  Triangle:
    (165, 205)
    (135 245)
    (124 176)
  Triangle:
    (95, 216)
    (135 245)
    (124 176)
Model
  Triangle:
    (379, 225)
    (420 225)
    (379 275)
  Triangle:
    (420, 275)
    (420 225)
    (379 275)
  Triangle:
    (379, 125)
    (420 125)
    (379 175)
  Triangle:
    (420, 175)
    (420 125)
    (379 175)
  Triangle:
    (420, 225)
    (460 225)
    (420 275)
  Triangle:
    (460, 275)
    (460 225)
    (420 275)
  Triangle:
    (420, 175)
    (460 175)
    (420 225)
  Triangle:
    (460, 225)
    (460 175)
    (420 225)
  Triangle:
    (420, 125)
    (460 125)
    (420 175)
  Triangle:
    (460, 175)
    (460 125)
    (420 175)
  Triangle:
    (339, 225)
    (379 225)
    (339 275)
  Triangle:
    (379, 275)
    (379 225)
    (339 275)
  Triangle:
    (339, 175)
    (379 175)
    (339 225)
  Triangle:
    (379, 225)
    (379 175)
    (339 225)
  Triangle:
    (339, 125)
    (379 125)
    (339 175)
  Triangle:
    (379, 175)
    (379 125)
    (339 175)
Model
  Triangle:
    (575, 200)
    (625 200)
    (575 200)
  Triangle:
    (625, 200)
    (625 200)
    (575 200)
  Triangle:
    (575, 200)
    (625 200)
    (575 200)
  Triangle:
    (625, 200)
    (625 200)
    (575 200)
  Triangle:
    (575, 200)
    (625 200)
    (575 200)
  Triangle:
    (625, 200)
    (625 200)
    (575 200)
  Triangle:
    (625, 200)
    (675 200)
    (625 200)
  Triangle:
    (675, 200)
    (675 200)
    (625 200)
  Triangle:
    (525, 200)
    (575 200)
    (525 200)
  Triangle:
    (575, 200)
    (575 200)
    (525 200)

