Model
  Triangle:
    (165, 205)
    (194 165)
    (205 234)
  Triangle:
    (234, 194)
    (194 165)
    (205 234)
  Triangle:
    (205, 234)
    (234 194)
    (245 264)
  Triangle:
    (275, 223)
    (234 194)
    (245 264)
  Triangle:
    (124, 176)
    (154 135)
    (165 205)
  Triangle:
    (194, 165)
    (154 135)
    (165 205)
  Triangle:
    (234, 194)
    (264 154)
    (275 223)
  Triangle:
    (304, 183)
    (264 154)
    (275 223)
Model
  Triangle:
    (379, 225)
    (420 225)
    (379 275)
  Triangle:
    (420, 275)
    (420 225)
    (379 275)
  Triangle:
    (379, 125)
    (420 125)
    (379 175)
  Triangle:
    (420, 175)
    (420 125)
    (379 175)
  Triangle:
    (420, 225)
    (460 225)
    (420 275)
  Triangle:
    (460, 275)
    (460 225)
    (420 275)
  Triangle:
    (420, 175)
    (460 175)
    (420 225)
  Triangle:
    (460, 225)
    (460 175)
    (420 225)
  Triangle:
    (420, 125)
    (460 125)
    (420 175)
  Triangle:
    (460, 175)
    (460 125)
    (420 175)
  Triangle:
    (339, 225)
    (379 225)
    (339 275)
  Triangle:
    (379, 275)
    (379 225)
    (339 275)
  Triangle:
    (339, 175)
    (379 175)
    (339 225)
  Triangle:
    (379, 225)
    (379 175)
    (339 225)
  Triangle:
    (339, 125)
    (379 125)
    (339 175)
  Triangle:
    (379, 175)
    (379 125)
    (339 175)
Model
  Triangle:
    (575, 199)
    (625 199)
    (575 200)
  Triangle:
    (625, 200)
    (625 199)
    (575 200)
  Triangle:
    (575, 200)
    (625 200)
    (575 200)
  Triangle:
    (625, 200)
    (625 200)
    (575 200)
  Triangle:
    (575, 199)
    (625 199)
    (575 199)
  Triangle:
    (625, 199)
    (625 199)
    (575 199)
  Triangle:
    (625, 199)
    (675 199)
    (625 199)
  Triangle:
    (675, 199)
    (675 199)
    (625 199)
  Triangle:
    (525, 199)
    (575 199)
    (525 199)
  Triangle:
    (575, 199)
    (575 199)
    (525 199)

