Model
  Triangle:
    (235, 200)
    (200 235)
    (200 164)
  Triangle:
    (164, 200)
    (200 235)
    (200 164)
  Triangle:
    (200, 164)
    (164 200)
    (164 129)
  Triangle:
    (129, 164)
    (164 200)
    (164 129)
  Triangle:
    (270, 235)
    (235 270)
    (235 200)
  Triangle:
    (200, 235)
    (235 270)
    (235 200)
  Triangle:
    (164, 200)
    (129 235)
    (129 164)
  Triangle:
    (93, 200)
    (129 235)
    (129 164)
Model
  Triangle:
    (400, 225)
    (400 225)
    (400 275)
  Triangle:
    (400, 275)
    (400 225)
    (400 275)
  Triangle:
    (400, 125)
    (400 125)
    (400 175)
  Triangle:
    (400, 175)
    (400 125)
    (400 175)
  Triangle:
    (400, 225)
    (400 225)
    (400 275)
  Triangle:
    (400, 275)
    (400 225)
    (400 275)
  Triangle:
    (400, 175)
    (400 175)
    (400 225)
  Triangle:
    (400, 225)
    (400 175)
    (400 225)
  Triangle:
    (400, 125)
    (400 125)
    (400 175)
  Triangle:
    (400, 175)
    (400 125)
    (400 175)
  Triangle:
    (400, 225)
    (400 225)
    (400 275)
  Triangle:
    (400, 275)
    (400 225)
    (400 275)
  Triangle:
    (400, 175)
    (400 175)
    (400 225)
  Triangle:
    (400, 225)
    (400 175)
    (400 225)
  Triangle:
    (400, 125)
    (400 125)
    (400 175)
  Triangle:
    (400, 175)
    (400 125)
    (400 175)
Model
  Triangle:
    (575, 217)
    (625 217)
    (575 182)
  Triangle:
    (625, 182)
    (625 217)
    (575 182)
  Triangle:
    (575, 182)
    (625 182)
    (575 146)
  Triangle:
    (625, 146)
    (625 182)
    (575 146)
  Triangle:
    (575, 253)
    (625 253)
    (575 217)
  Triangle:
    (625, 217)
    (625 253)
    (575 217)
  Triangle:
    (625, 253)
    (675 253)
    (625 217)
  Triangle:
    (675, 217)
    (675 253)
    (625 217)
  Triangle:
    (525, 253)
    (575 253)
    (525 217)
  Triangle:
    (575, 217)
    (575 253)
    (525 217)

