Model
  Triangle:
    (168, 216)
    (183 168)
    (216 231)
  Triangle:
    (231, 183)
    (183 168)
    (216 231)
  Triangle:
    (216, 231)
    (231 183)
    (263 246)
  Triangle:
    (279, 199)
    (231 183)
    (263 246)
  Triangle:
    (120, 200)
    (136 153)
    (168 216)
  Triangle:
    (183, 168)
    (136 153)
    (168 216)
  Triangle:
    (231, 183)
    (246 136)
    (279 199)
  Triangle:
    (294, 151)
    (246 136)
    (279 199)
Model
  Triangle:
    (392, 225)
    (407 225)
    (392 275)
  Triangle:
    (407, 275)
    (407 225)
    (392 275)
  Triangle:
    (392, 125)
    (407 125)
    (392 175)
  Triangle:
    (407, 175)
    (407 125)
    (392 175)
  Triangle:
    (407, 225)
    (423 225)
    (407 275)
  Triangle:
    (423, 275)
    (423 225)
    (407 275)
  Triangle:
    (407, 175)
    (423 175)
    (407 225)
  Triangle:
    (423, 225)
    (423 175)
    (407 225)
  Triangle:
    (407, 125)
    (423 125)
    (407 175)
  Triangle:
    (423, 175)
    (423 125)
    (407 175)
  Triangle:
    (376, 225)
    (392 225)
    (376 275)
  Triangle:
    (392, 275)
    (392 225)
    (376 275)
  Triangle:
    (376, 175)
    (392 175)
    (376 225)
  Triangle:
    (392, 225)
    (392 175)
    (376 225)
  Triangle:
    (376, 125)
    (392 125)
    (376 175)
  Triangle:
    (392, 175)
    (392 125)
    (376 175)
Model
  Triangle:
    (575, 175)
    (625 175)
    (575 225)
  Triangle:
    (625, 225)
    (625 175)
    (575 225)
  Triangle:
    (575, 225)
    (625 225)
    (575 275)
  Triangle:
    (625, 275)
    (625 225)
    (575 275)
  Triangle:
    (575, 125)
    (625 125)
    (575 175)
  Triangle:
    (625, 175)
    (625 125)
    (575 175)
  Triangle:
    (625, 125)
    (675 125)
    (625 175)
  Triangle:
    (675, 175)
    (675 125)
    (625 175)
  Triangle:
    (525, 125)
    (575 125)
    (525 175)
  Triangle:
    (575, 175)
    (575 125)
    (525 175)

