Model
  Triangle:
    (225, 175)
    (225 225)
    (175 175)
  Triangle:
    (175, 225)
    (225 225)
    (175 175)
  Triangle:
    (175, 175)
    (175 225)
    (125 175)
  Triangle:
    (125, 225)
    (175 225)
    (125 175)
  Triangle:
    (275, 174)
    (275 224)
    (225 175)
  Triangle:
    (225, 225)
    (275 224)
    (225 175)
  Triangle:
    (175, 225)
    (175 275)
    (125 225)
  Triangle:
    (125, 275)
    (175 275)
    (125 225)
Model
  Triangle:
    (387, 225)
    (412 225)
    (387 275)
  Triangle:
    (412, 275)
    (412 225)
    (387 275)
  Triangle:
    (387, 125)
    (412 125)
    (387 175)
  Triangle:
    (412, 175)
    (412 125)
    (387 175)
  Triangle:
    (412, 225)
    (437 225)
    (412 275)
  Triangle:
    (437, 275)
    (437 225)
    (412 275)
  Triangle:
    (412, 175)
    (437 175)
    (412 225)
  Triangle:
    (437, 225)
    (437 175)
    (412 225)
  Triangle:
    (412, 125)
    (437 125)
    (412 175)
  Triangle:
    (437, 175)
    (437 125)
    (412 175)
  Triangle:
    (362, 225)
    (387 225)
    (362 275)
  Triangle:
    (387, 275)
    (387 225)
    (362 275)
  Triangle:
    (362, 175)
    (387 175)
    (362 225)
  Triangle:
    (387, 225)
    (387 175)
    (362 225)
  Triangle:
    (362, 125)
    (387 125)
    (362 175)
  Triangle:
    (387, 175)
    (387 125)
    (362 175)
Model
  Triangle:
    (575, 178)
    (625 178)
    (575 221)
  Triangle:
    (625, 221)
    (625 178)
    (575 221)
  Triangle:
    (575, 221)
    (625 221)
    (575 264)
  Triangle:
    (625, 264)
    (625 221)
    (575 264)
  Triangle:
    (575, 135)
    (625 135)
    (575 178)
  Triangle:
    (625, 178)
    (625 135)
    (575 178)
  Triangle:
    (625, 135)
    (675 135)
    (625 178)
  Triangle:
    (675, 178)
    (675 135)
    (625 178)
  Triangle:
    (525, 135)
    (575 135)
    (525 178)
  Triangle:
    (575, 178)
    (575 135)
    (525 178)

