Model
  Triangle:
    (228, 220)
    (179 228)
    (220 171)
  Triangle:
    (171, 179)
    (179 228)
    (220 171)
  Triangle:
    (220, 171)
    (171 179)
    (212 122)
  Triangle:
    (163, 129)
    (171 179)
    (212 122)
  Triangle:
    (236, 270)
    (187 277)
    (228 220)
  Triangle:
    (179, 228)
    (187 277)
    (228 220)
  Triangle:
    (171, 179)
    (122 187)
    (163 129)
  Triangle:
    (114, 137)
    (122 187)
    (163 129)
Model
  Triangle:
    (414, 225)
    (385 225)
    (414 275)
  Triangle:
    (385, 275)
    (385 225)
    (414 275)
  Triangle:
    (414, 125)
    (385 125)
    (414 175)
  Triangle:
    (385, 175)
    (385 125)
    (414 175)
  Triangle:
    (385, 225)
    (355 225)
    (385 275)
  Triangle:
    (355, 275)
    (355 225)
    (385 275)
  Triangle:
    (385, 175)
    (355 175)
    (385 225)
  Triangle:
    (355, 225)
    (355 175)
    (385 225)
  Triangle:
    (385, 125)
    (355 125)
    (385 175)
  Triangle:
    (355, 175)
    (355 125)
    (385 175)
  Triangle:
    (444, 225)
    (414 225)
    (444 275)
  Triangle:
    (414, 275)
    (414 225)
    (444 275)
  Triangle:
    (444, 175)
    (414 175)
    (444 225)
  Triangle:
    (414, 225)
    (414 175)
    (444 225)
  Triangle:
    (444, 125)
    (414 125)
    (444 175)
  Triangle:
    (414, 175)
    (414 125)
    (444 175)
Model
  Triangle:
    (575, 182)
    (625 182)
    (575 217)
  Triangle:
    (625, 217)
    (625 182)
    (575 217)
  Triangle:
    (575, 217)
    (625 217)
    (575 253)
  Triangle:
    (625, 253)
    (625 217)
    (575 253)
  Triangle:
    (575, 146)
    (625 146)
    (575 182)
  Triangle:
    (625, 182)
    (625 146)
    (575 182)
  Triangle:
    (625, 146)
    (675 146)
    (625 182)
  Triangle:
    (675, 182)
    (675 146)
    (625 182)
  Triangle:
    (525, 146)
    (575 146)
    (525 182)
  Triangle:
    (575, 182)
    (575 146)
    (525 182)

