Model
  Triangle:
    (216, 231)
    (168 216)
    (231 183)
  Triangle:
    (183, 168)
    (168 216)
    (231 183)
  Triangle:
    (231, 183)
    (183 168)
    (246 136)
  Triangle:
    (199, 120)
    (183 168)
    (246 136)
  Triangle:
    (200, 279)
    (153 263)
    (216 231)
  Triangle:
    (168, 216)
    (153 263)
    (216 231)
  Triangle:
    (183, 168)
    (136 153)
    (199 120)
  Triangle:
    (151, 105)
    (136 153)
    (199 120)
Model
  Triangle:
    (375, 225)
    (424 225)
    (375 275)
  Triangle:
    (424, 275)
    (424 225)
    (375 275)
  Triangle:
    (375, 125)
    (424 125)
    (375 175)
  Triangle:
    (424, 175)
    (424 125)
    (375 175)
  Triangle:
    (424, 225)
    (473 225)
    (424 275)
  Triangle:
    (473, 275)
    (473 225)
    (424 275)
  Triangle:
    (424, 175)
    (473 175)
    (424 225)
  Triangle:
    (473, 225)
    (473 175)
    (424 225)
  Triangle:
    (424, 125)
    (473 125)
    (424 175)
  Triangle:
    (473, 175)
    (473 125)
    (424 175)
  Triangle:
    (326, 225)
    (375 225)
    (326 275)
  Triangle:
    (375, 275)
    (375 225)
    (326 275)
  Triangle:
    (326, 175)
    (375 175)
    (326 225)
  Triangle:
    (375, 225)
    (375 175)
    (326 225)
  Triangle:
    (326, 125)
    (375 125)
    (326 175)
  Triangle:
    (375, 175)
    (375 125)
    (326 175)
Model
  Triangle:
    (575, 221)
    (625 221)
    (575 178)
  Triangle:
    (625, 178)
    (625 221)
    (575 178)
  Triangle:
    (575, 178)
    (625 178)
    (575 135)
  Triangle:
    (625, 135)
    (625 178)
    (575 135)
  Triangle:
    (575, 264)
    (625 264)
    (575 221)
  Triangle:
    (625, 221)
    (625 264)
    (575 221)
  Triangle:
    (625, 264)
    (675 264)
    (625 221)
  Triangle:
    (675, 221)
    (675 264)
    (625 221)
  Triangle:
    (525, 264)
    (575 264)
    (525 221)
  Triangle:
    (575, 221)
    (575 264)
    (525 221)

