Model
  Triangle:
    (183, 168)
    (231 183)
    (168 216)
  Triangle:
    (216, 231)
    (231 183)
    (168 216)
  Triangle:
    (168, 216)
    (216 231)
    (153 263)
  Triangle:
    (200, 279)
    (216 231)
    (153 263)
  Triangle:
    (199, 120)
    (246 136)
    (183 168)
  Triangle:
    (231, 183)
    (246 136)
    (183 168)
  Triangle:
    (216, 231)
    (263 246)
    (200 279)
  Triangle:
    (248, 294)
    (263 246)
    (200 279)
Model
  Triangle:
    (416, 225)
    (383 225)
    (416 275)
  Triangle:
    (383, 275)
    (383 225)
    (416 275)
  Triangle:
    (416, 125)
    (383 125)
    (416 175)
  Triangle:
    (383, 175)
    (383 125)
    (416 175)
  Triangle:
    (383, 225)
    (349 225)
    (383 275)
  Triangle:
    (349, 275)
    (349 225)
    (383 275)
  Triangle:
    (383, 175)
    (349 175)
    (383 225)
  Triangle:
    (349, 225)
    (349 175)
    (383 225)
  Triangle:
    (383, 125)
    (349 125)
    (383 175)
  Triangle:
    (349, 175)
    (349 125)
    (383 175)
  Triangle:
    (450, 225)
    (416 225)
    (450 275)
  Triangle:
    (416, 275)
    (416 225)
    (450 275)
  Triangle:
    (450, 175)
    (416 175)
    (450 225)
  Triangle:
    (416, 225)
    (416 175)
    (450 225)
  Triangle:
    (450, 125)
    (416 125)
    (450 175)
  Triangle:
    (416, 175)
    (416 125)
    (450 175)
Model
  Triangle:
    (575, 221)
    (625 221)
    (575 178)
  Triangle:
    (625, 178)
    (625 221)
    (575 178)
  Triangle:
    (575, 178)
    (625 178)
    (575 135)
  Triangle:
    (625, 135)
    (625 178)
    (575 135)
  Triangle:
    (575, 264)
    (625 264)
    (575 221)
  Triangle:
    (625, 221)
    (625 264)
    (575 221)
  Triangle:
    (625, 264)
    (675 264)
    (625 221)
  Triangle:
    (675, 221)
    (675 264)
    (625 221)
  Triangle:
    (525, 264)
    (575 264)
    (525 221)
  Triangle:
    (575, 221)
    (575 264)
    (525 221)

