Model
  Triangle:
    (220, 228)
    (171 220)
    (228 179)
  Triangle:
    (179, 171)
    (171 220)
    (228 179)
  Triangle:
    (228, 179)
    (179 171)
    (236 129)
  Triangle:
    (187, 122)
    (179 171)
    (236 129)
  Triangle:
    (212, 277)
    (163 270)
    (220 228)
  Triangle:
    (171, 220)
    (163 270)
    (220 228)
  Triangle:
    (179, 171)
    (129 163)
    (187 122)
  Triangle:
    (137, 114)
    (129 163)
    (187 122)
Model
  Triangle:
    (375, 225)
    (424 225)
    (375 275)
  Triangle:
    (424, 275)
    (424 225)
    (375 275)
  Triangle:
    (375, 125)
    (424 125)
    (375 175)
  Triangle:
    (424, 175)
    (424 125)
    (375 175)
  Triangle:
    (424, 225)
    (474 225)
    (424 275)
  Triangle:
    (474, 275)
    (474 225)
    (424 275)
  Triangle:
    (424, 175)
    (474 175)
    (424 225)
  Triangle:
    (474, 225)
    (474 175)
    (424 225)
  Triangle:
    (424, 125)
    (474 125)
    (424 175)
  Triangle:
    (474, 175)
    (474 125)
    (424 175)
  Triangle:
    (325, 225)
    (375 225)
    (325 275)
  Triangle:
    (375, 275)
    (375 225)
    (325 275)
  Triangle:
    (325, 175)
    (375 175)
    (325 225)
  Triangle:
    (375, 225)
    (375 175)
    (325 225)
  Triangle:
    (325, 125)
    (375 125)
    (325 175)
  Triangle:
    (375, 175)
    (375 125)
    (325 175)
Model
  Triangle:
    (575, 224)
    (625 224)
    (575 175)
  Triangle:
    (625, 175)
    (625 224)
    (575 175)
  Triangle:
    (575, 175)
    (625 175)
    (575 127)
  Triangle:
    (625, 127)
    (625 175)
    (575 127)
  Triangle:
    (575, 272)
    (625 272)
    (575 224)
  Triangle:
    (625, 224)
    (625 272)
    (575 224)
  Triangle:
    (625, 272)
    (675 272)
    (625 224)
  Triangle:
    (675, 224)
    (675 272)
    (625 224)
  Triangle:
    (525, 272)
    (575 272)
    (525 224)
  Triangle:
    (575, 224)
    (575 272)
    (525 224)

