Model
  Triangle:
    (228, 179)
    (220 228)
    (179 171)
  Triangle:
    (171, 220)
    (220 228)
    (179 171)
  Triangle:
    (179, 171)
    (171 220)
    (129 163)
  Triangle:
    (122, 212)
    (171 220)
    (129 163)
  Triangle:
    (277, 187)
    (270 236)
    (228 179)
  Triangle:
    (220, 228)
    (270 236)
    (228 179)
  Triangle:
    (171, 220)
    (163 270)
    (122 212)
  Triangle:
    (114, 262)
    (163 270)
    (122 212)
Model
  Triangle:
    (389, 225)
    (410 225)
    (389 275)
  Triangle:
    (410, 275)
    (410 225)
    (389 275)
  Triangle:
    (389, 125)
    (410 125)
    (389 175)
  Triangle:
    (410, 175)
    (410 125)
    (389 175)
  Triangle:
    (410, 225)
    (430 225)
    (410 275)
  Triangle:
    (430, 275)
    (430 225)
    (410 275)
  Triangle:
    (410, 175)
    (430 175)
    (410 225)
  Triangle:
    (430, 225)
    (430 175)
    (410 225)
  Triangle:
    (410, 125)
    (430 125)
    (410 175)
  Triangle:
    (430, 175)
    (430 125)
    (410 175)
  Triangle:
    (369, 225)
    (389 225)
    (369 275)
  Triangle:
    (389, 275)
    (389 225)
    (369 275)
  Triangle:
    (369, 175)
    (389 175)
    (369 225)
  Triangle:
    (389, 225)
    (389 175)
    (369 225)
  Triangle:
    (369, 125)
    (389 125)
    (369 175)
  Triangle:
    (389, 175)
    (389 125)
    (369 175)
Model
  Triangle:
    (575, 224)
    (625 224)
    (575 175)
  Triangle:
    (625, 175)
    (625 224)
    (575 175)
  Triangle:
    (575, 175)
    (625 175)
    (575 127)
  Triangle:
    (625, 127)
    (625 175)
    (575 127)
  Triangle:
    (575, 272)
    (625 272)
    (575 224)
  Triangle:
    (625, 224)
    (625 272)
    (575 224)
  Triangle:
    (625, 272)
    (675 272)
    (625 224)
  Triangle:
    (675, 224)
    (675 272)
    (625 224)
  Triangle:
    (525, 272)
    (575 272)
    (525 224)
  Triangle:
    (575, 224)
    (575 272)
    (525 224)

