Model
  Triangle:
    (225, 225)
    (175 225)
    (225 175)
  Triangle:
    (175, 175)
    (175 225)
    (225 175)
  Triangle:
    (225, 175)
    (175 175)
    (224 124)
  Triangle:
    (174, 125)
    (175 175)
    (224 124)
  Triangle:
    (225, 275)
    (175 275)
    (225 225)
  Triangle:
    (175, 225)
    (175 275)
    (225 225)
  Triangle:
    (175, 175)
    (124 175)
    (174 125)
  Triangle:
    (124, 125)
    (124 175)
    (174 125)
Model
  Triangle:
    (412, 225)
    (387 225)
    (412 275)
  Triangle:
    (387, 275)
    (387 225)
    (412 275)
  Triangle:
    (412, 125)
    (387 125)
    (412 175)
  Triangle:
    (387, 175)
    (387 125)
    (412 175)
  Triangle:
    (387, 225)
    (362 225)
    (387 275)
  Triangle:
    (362, 275)
    (362 225)
    (387 275)
  Triangle:
    (387, 175)
    (362 175)
    (387 225)
  Triangle:
    (362, 225)
    (362 175)
    (387 225)
  Triangle:
    (387, 125)
    (362 125)
    (387 175)
  Triangle:
    (362, 175)
    (362 125)
    (387 175)
  Triangle:
    (437, 225)
    (412 225)
    (437 275)
  Triangle:
    (412, 275)
    (412 225)
    (437 275)
  Triangle:
    (437, 175)
    (412 175)
    (437 225)
  Triangle:
    (412, 225)
    (412 175)
    (437 225)
  Triangle:
    (437, 125)
    (412 125)
    (437 175)
  Triangle:
    (412, 175)
    (412 125)
    (437 175)
Model
  Triangle:
    (575, 187)
    (625 187)
    (575 212)
  Triangle:
    (625, 212)
    (625 187)
    (575 212)
  Triangle:
    (575, 212)
    (625 212)
    (575 237)
  Triangle:
    (625, 237)
    (625 212)
    (575 237)
  Triangle:
    (575, 162)
    (625 162)
    (575 187)
  Triangle:
    (625, 187)
    (625 162)
    (575 187)
  Triangle:
    (625, 162)
    (675 162)
    (625 187)
  Triangle:
    (675, 187)
    (675 162)
    (625 187)
  Triangle:
    (525, 162)
    (575 162)
    (525 187)
  Triangle:
    (575, 187)
    (575 162)
    (525 187)

