Model
  Triangle:
    (183, 168)
    (231 183)
    (168 216)
  Triangle:
    (216, 231)
    (231 183)
    (168 216)
  Triangle:
    (168, 216)
    (216 231)
    (153 263)
  Triangle:
    (200, 279)
    (216 231)
    (153 263)
  Triangle:
    (199, 120)
    (246 136)
    (183 168)
  Triangle:
    (231, 183)
    (246 136)
    (183 168)
  Triangle:
    (216, 231)
    (263 246)
    (200 279)
  Triangle:
    (248, 294)
    (263 246)
    (200 279)
Model
  Triangle:
    (407, 225)
    (392 225)
    (407 275)
  Triangle:
    (392, 275)
    (392 225)
    (407 275)
  Triangle:
    (407, 125)
    (392 125)
    (407 175)
  Triangle:
    (392, 175)
    (392 125)
    (407 175)
  Triangle:
    (392, 225)
    (376 225)
    (392 275)
  Triangle:
    (376, 275)
    (376 225)
    (392 275)
  Triangle:
    (392, 175)
    (376 175)
    (392 225)
  Triangle:
    (376, 225)
    (376 175)
    (392 225)
  Triangle:
    (392, 125)
    (376 125)
    (392 175)
  Triangle:
    (376, 175)
    (376 125)
    (392 175)
  Triangle:
    (423, 225)
    (407 225)
    (423 275)
  Triangle:
    (407, 275)
    (407 225)
    (423 275)
  Triangle:
    (423, 175)
    (407 175)
    (423 225)
  Triangle:
    (407, 225)
    (407 175)
    (423 225)
  Triangle:
    (423, 125)
    (407 125)
    (423 175)
  Triangle:
    (407, 175)
    (407 125)
    (423 175)
Model
  Triangle:
    (575, 200)
    (625 200)
    (575 200)
  Triangle:
    (625, 200)
    (625 200)
    (575 200)
  Triangle:
    (575, 200)
    (625 200)
    (575 199)
  Triangle:
    (625, 199)
    (625 200)
    (575 199)
  Triangle:
    (575, 200)
    (625 200)
    (575 200)
  Triangle:
    (625, 200)
    (625 200)
    (575 200)
  Triangle:
    (625, 200)
    (675 200)
    (625 200)
  Triangle:
    (675, 200)
    (675 200)
    (625 200)
  Triangle:
    (525, 200)
    (575 200)
    (525 200)
  Triangle:
    (575, 200)
    (575 200)
    (525 200)

