Model
  Triangle:
    (233, 189)
    (210 233)
    (189 166)
  Triangle:
    (166, 210)
    (210 233)
    (189 166)
  Triangle:
    (189, 166)
    (166 210)
    (144 143)
  Triangle:
    (121, 188)
    (166 210)
    (144 143)
  Triangle:
    (278, 211)
    (255 256)
    (233 189)
  Triangle:
    (210, 233)
    (255 256)
    (233 189)
  Triangle:
    (166, 210)
    (143 255)
    (121 188)
  Triangle:
    (99, 232)
    (143 255)
    (121 188)
Model
  Triangle:
    (394, 225)
    (405 225)
    (394 275)
  Triangle:
    (405, 275)
    (405 225)
    (394 275)
  Triangle:
    (394, 125)
    (405 125)
    (394 175)
  Triangle:
    (405, 175)
    (405 125)
    (394 175)
  Triangle:
    (405, 225)
    (415 225)
    (405 275)
  Triangle:
    (415, 275)
    (415 225)
    (405 275)
  Triangle:
    (405, 175)
    (415 175)
    (405 225)
  Triangle:
    (415, 225)
    (415 175)
    (405 225)
  Triangle:
    (405, 125)
    (415 125)
    (405 175)
  Triangle:
    (415, 175)
    (415 125)
    (405 175)
  Triangle:
    (384, 225)
    (394 225)
    (384 275)
  Triangle:
    (394, 275)
    (394 225)
    (384 275)
  Triangle:
    (384, 175)
    (394 175)
    (384 225)
  Triangle:
    (394, 225)
    (394 175)
    (384 225)
  Triangle:
    (384, 125)
    (394 125)
    (384 175)
  Triangle:
    (394, 175)
    (394 125)
    (384 175)
Model
  Triangle:
    (575, 224)
    (625 224)
    (575 175)
  Triangle:
    (625, 175)
    (625 224)
    (575 175)
  Triangle:
    (575, 175)
    (625 175)
    (575 127)
  Triangle:
    (625, 127)
    (625 175)
    (575 127)
  Triangle:
    (575, 272)
    (625 272)
    (575 224)
  Triangle:
    (625, 224)
    (625 272)
    (575 224)
  Triangle:
    (625, 272)
    (675 272)
    (625 224)
  Triangle:
    (675, 224)
    (675 272)
    (625 224)
  Triangle:
    (525, 272)
    (575 272)
    (525 224)
  Triangle:
    (575, 224)
    (575 272)
    (525 224)

