Model
  Triangle:
    (233, 189)
    (210 233)
    (189 166)
  Triangle:
    (166, 210)
    (210 233)
    (189 166)
  Triangle:
    (189, 166)
    (166 210)
    (144 143)
  Triangle:
    (121, 188)
    (166 210)
    (144 143)
  Triangle:
    (278, 211)
    (255 256)
    (233 189)
  Triangle:
    (210, 233)
    (255 256)
    (233 189)
  Triangle:
    (166, 210)
    (143 255)
    (121 188)
  Triangle:
    (99, 232)
    (143 255)
    (121 188)
Model
  Triangle:
    (423, 225)
    (376 225)
    (423 275)
  Triangle:
    (376, 275)
    (376 225)
    (423 275)
  Triangle:
    (423, 125)
    (376 125)
    (423 175)
  Triangle:
    (376, 175)
    (376 125)
    (423 175)
  Triangle:
    (376, 225)
    (328 225)
    (376 275)
  Triangle:
    (328, 275)
    (328 225)
    (376 275)
  Triangle:
    (376, 175)
    (328 175)
    (376 225)
  Triangle:
    (328, 225)
    (328 175)
    (376 225)
  Triangle:
    (376, 125)
    (328 125)
    (376 175)
  Triangle:
    (328, 175)
    (328 125)
    (376 175)
  Triangle:
    (471, 225)
    (423 225)
    (471 275)
  Triangle:
    (423, 275)
    (423 225)
    (471 275)
  Triangle:
    (471, 175)
    (423 175)
    (471 225)
  Triangle:
    (423, 225)
    (423 175)
    (471 225)
  Triangle:
    (471, 125)
    (423 125)
    (471 175)
  Triangle:
    (423, 175)
    (423 125)
    (471 175)
Model
  Triangle:
    (575, 182)
    (625 182)
    (575 217)
  Triangle:
    (625, 217)
    (625 182)
    (575 217)
  Triangle:
    (575, 217)
    (625 217)
    (575 253)
  Triangle:
    (625, 253)
    (625 217)
    (575 253)
  Triangle:
    (575, 146)
    (625 146)
    (575 182)
  Triangle:
    (625, 182)
    (625 146)
    (575 182)
  Triangle:
    (625, 146)
    (675 146)
    (625 182)
  Triangle:
    (675, 182)
    (675 146)
    (625 182)
  Triangle:
    (525, 146)
    (575 146)
    (525 182)
  Triangle:
    (575, 182)
    (575 146)
    (525 182)

