Model
  Triangle:
    (175, 175)
    (225 175)
    (175 225)
  Triangle:
    (225, 225)
    (225 175)
    (175 225)
  Triangle:
    (175, 225)
    (225 225)
    (175 275)
  Triangle:
    (225, 275)
    (225 225)
    (175 275)
  Triangle:
    (175, 125)
    (225 125)
    (175 175)
  Triangle:
    (225, 175)
    (225 125)
    (175 175)
  Triangle:
    (225, 225)
    (275 225)
    (225 275)
  Triangle:
    (275, 275)
    (275 225)
    (225 275)
Model
  Triangle:
    (375, 225)
    (425 225)
    (375 275)
  Triangle:
    (425, 275)
    (425 225)
    (375 275)
  Triangle:
    (375, 125)
    (425 125)
    (375 175)
  Triangle:
    (425, 175)
    (425 125)
    (375 175)
  Triangle:
    (425, 225)
    (475 225)
    (425 275)
  Triangle:
    (475, 275)
    (475 225)
    (425 275)
  Triangle:
    (425, 175)
    (475 175)
    (425 225)
  Triangle:
    (475, 225)
    (475 175)
    (425 225)
  Triangle:
    (425, 125)
    (475 125)
    (425 175)
  Triangle:
    (475, 175)
    (475 125)
    (425 175)
  Triangle:
    (325, 225)
    (375 225)
    (325 275)
  Triangle:
    (375, 275)
    (375 225)
    (325 275)
  Triangle:
    (325, 175)
    (375 175)
    (325 225)
  Triangle:
    (375, 225)
    (375 175)
    (325 225)
  Triangle:
    (325, 125)
    (375 125)
    (325 175)
  Triangle:
    (375, 175)
    (375 125)
    (325 175)
Model
  Triangle:
    (575, 175)
    (625 175)
    (575 225)
  Triangle:
    (625, 225)
    (625 175)
    (575 225)
  Triangle:
    (575, 225)
    (625 225)
    (575 275)
  Triangle:
    (625, 275)
    (625 225)
    (575 275)
  Triangle:
    (575, 125)
    (625 125)
    (575 175)
  Triangle:
    (625, 175)
    (625 125)
    (575 175)
  Triangle:
    (625, 125)
    (675 125)
    (625 175)
  Triangle:
    (675, 175)
    (675 125)
    (625 175)
  Triangle:
    (525, 125)
    (575 125)
    (525 175)
  Triangle:
    (575, 175)
    (575 125)
    (525 175)

