Model
  Triangle:
    (228, 179)
    (220 228)
    (179 171)
  Triangle:
    (171, 220)
    (220 228)
    (179 171)
  Triangle:
    (179, 171)
    (171 220)
    (129 163)
  Triangle:
    (122, 212)
    (171 220)
    (129 163)
  Triangle:
    (277, 187)
    (270 236)
    (228 179)
  Triangle:
    (220, 228)
    (270 236)
    (228 179)
  Triangle:
    (171, 220)
    (163 270)
    (122 212)
  Triangle:
    (114, 262)
    (163 270)
    (122 212)
Model
  Triangle:
    (424, 225)
    (375 225)
    (424 275)
  Triangle:
    (375, 275)
    (375 225)
    (424 275)
  Triangle:
    (424, 125)
    (375 125)
    (424 175)
  Triangle:
    (375, 175)
    (375 125)
    (424 175)
  Triangle:
    (375, 225)
    (325 225)
    (375 275)
  Triangle:
    (325, 275)
    (325 225)
    (375 275)
  Triangle:
    (375, 175)
    (325 175)
    (375 225)
  Triangle:
    (325, 225)
    (325 175)
    (375 225)
  Triangle:
    (375, 125)
    (325 125)
    (375 175)
  Triangle:
    (325, 175)
    (325 125)
    (375 175)
  Triangle:
    (474, 225)
    (424 225)
    (474 275)
  Triangle:
    (424, 275)
    (424 225)
    (474 275)
  Triangle:
    (474, 175)
    (424 175)
    (474 225)
  Triangle:
    (424, 225)
    (424 175)
    (474 225)
  Triangle:
    (474, 125)
    (424 125)
    (474 175)
  Triangle:
    (424, 175)
    (424 125)
    (474 175)
Model
  Triangle:
    (575, 193)
    (625 193)
    (575 206)
  Triangle:
    (625, 206)
    (625 193)
    (575 206)
  Triangle:
    (575, 206)
    (625 206)
    (575 219)
  Triangle:
    (625, 219)
    (625 206)
    (575 219)
  Triangle:
    (575, 180)
    (625 180)
    (575 193)
  Triangle:
    (625, 193)
    (625 180)
    (575 193)
  Triangle:
    (625, 180)
    (675 180)
    (625 193)
  Triangle:
    (675, 193)
    (675 180)
    (625 193)
  Triangle:
    (525, 180)
    (575 180)
    (525 193)
  Triangle:
    (575, 193)
    (575 180)
    (525 193)

