Model
  Triangle:
    (166, 210)
    (189 166)
    (210 233)
  Triangle:
    (233, 189)
    (189 166)
    (210 233)
  Triangle:
    (210, 233)
    (233 189)
    (255 256)
  Triangle:
    (278, 211)
    (233 189)
    (255 256)
  Triangle:
    (121, 188)
    (144 143)
    (166 210)
  Triangle:
    (189, 166)
    (144 143)
    (166 210)
  Triangle:
    (233, 189)
    (256 144)
    (278 211)
  Triangle:
    (300, 167)
    (256 144)
    (278 211)
Model
  Triangle:
    (381, 225)
    (418 225)
    (381 275)
  Triangle:
    (418, 275)
    (418 225)
    (381 275)
  Triangle:
    (381, 125)
    (418 125)
    (381 175)
  Triangle:
    (418, 175)
    (418 125)
    (381 175)
  Triangle:
    (418, 225)
    (455 225)
    (418 275)
  Triangle:
    (455, 275)
    (455 225)
    (418 275)
  Triangle:
    (418, 175)
    (455 175)
    (418 225)
  Triangle:
    (455, 225)
    (455 175)
    (418 225)
  Triangle:
    (418, 125)
    (455 125)
    (418 175)
  Triangle:
    (455, 175)
    (455 125)
    (418 175)
  Triangle:
    (344, 225)
    (381 225)
    (344 275)
  Triangle:
    (381, 275)
    (381 225)
    (344 275)
  Triangle:
    (344, 175)
    (381 175)
    (344 225)
  Triangle:
    (381, 225)
    (381 175)
    (344 225)
  Triangle:
    (344, 125)
    (381 125)
    (344 175)
  Triangle:
    (381, 175)
    (381 125)
    (344 175)
Model
  Triangle:
    (575, 206)
    (625 206)
    (575 193)
  Triangle:
    (625, 193)
    (625 206)
    (575 193)
  Triangle:
    (575, 193)
    (625 193)
    (575 180)
  Triangle:
    (625, 180)
    (625 193)
    (575 180)
  Triangle:
    (575, 219)
    (625 219)
    (575 206)
  Triangle:
    (625, 206)
    (625 219)
    (575 206)
  Triangle:
    (625, 219)
    (675 219)
    (625 206)
  Triangle:
    (675, 206)
    (675 219)
    (625 206)
  Triangle:
    (525, 219)
    (575 219)
    (525 206)
  Triangle:
    (575, 206)
    (575 219)
    (525 206)

