Model
  Triangle:
    (205, 165)
    (234 205)
    (165 194)
  Triangle:
    (194, 234)
    (234 205)
    (165 194)
  Triangle:
    (165, 194)
    (194 234)
    (124 223)
  Triangle:
    (154, 264)
    (194 234)
    (124 223)
  Triangle:
    (245, 135)
    (275 176)
    (205 165)
  Triangle:
    (234, 205)
    (275 176)
    (205 165)
  Triangle:
    (194, 234)
    (223 275)
    (154 264)
  Triangle:
    (183, 304)
    (223 275)
    (154 264)
Model
  Triangle:
    (422, 225)
    (377 225)
    (422 275)
  Triangle:
    (377, 275)
    (377 225)
    (422 275)
  Triangle:
    (422, 125)
    (377 125)
    (422 175)
  Triangle:
    (377, 175)
    (377 125)
    (422 175)
  Triangle:
    (377, 225)
    (331 225)
    (377 275)
  Triangle:
    (331, 275)
    (331 225)
    (377 275)
  Triangle:
    (377, 175)
    (331 175)
    (377 225)
  Triangle:
    (331, 225)
    (331 175)
    (377 225)
  Triangle:
    (377, 125)
    (331 125)
    (377 175)
  Triangle:
    (331, 175)
    (331 125)
    (377 175)
  Triangle:
    (468, 225)
    (422 225)
    (468 275)
  Triangle:
    (422, 275)
    (422 225)
    (468 275)
  Triangle:
    (468, 175)
    (422 175)
    (468 225)
  Triangle:
    (422, 225)
    (422 175)
    (468 225)
  Triangle:
    (468, 125)
    (422 125)
    (468 175)
  Triangle:
    (422, 175)
    (422 125)
    (468 175)
Model
  Triangle:
    (575, 221)
    (625 221)
    (575 178)
  Triangle:
    (625, 178)
    (625 221)
    (575 178)
  Triangle:
    (575, 178)
    (625 178)
    (575 135)
  Triangle:
    (625, 135)
    (625 178)
    (575 135)
  Triangle:
    (575, 264)
    (625 264)
    (575 221)
  Triangle:
    (625, 221)
    (625 264)
    (575 221)
  Triangle:
    (625, 264)
    (675 264)
    (625 221)
  Triangle:
    (675, 221)
    (675 264)
    (625 221)
  Triangle:
    (525, 264)
    (575 264)
    (525 221)
  Triangle:
    (575, 221)
    (575 264)
    (525 221)

