Model
  Triangle:
    (231, 183)
    (216 231)
    (183 168)
  Triangle:
    (168, 216)
    (216 231)
    (183 168)
  Triangle:
    (183, 168)
    (168 216)
    (136 153)
  Triangle:
    (120, 200)
    (168 216)
    (136 153)
  Triangle:
    (279, 199)
    (263 246)
    (231 183)
  Triangle:
    (216, 231)
    (263 246)
    (231 183)
  Triangle:
    (168, 216)
    (153 263)
    (120 200)
  Triangle:
    (105, 248)
    (153 263)
    (120 200)
Model
  Triangle:
    (424, 225)
    (375 225)
    (424 275)
  Triangle:
    (375, 275)
    (375 225)
    (424 275)
  Triangle:
    (424, 125)
    (375 125)
    (424 175)
  Triangle:
    (375, 175)
    (375 125)
    (424 175)
  Triangle:
    (375, 225)
    (326 225)
    (375 275)
  Triangle:
    (326, 275)
    (326 225)
    (375 275)
  Triangle:
    (375, 175)
    (326 175)
    (375 225)
  Triangle:
    (326, 225)
    (326 175)
    (375 225)
  Triangle:
    (375, 125)
    (326 125)
    (375 175)
  Triangle:
    (326, 175)
    (326 125)
    (375 175)
  Triangle:
    (473, 225)
    (424 225)
    (473 275)
  Triangle:
    (424, 275)
    (424 225)
    (473 275)
  Triangle:
    (473, 175)
    (424 175)
    (473 225)
  Triangle:
    (424, 225)
    (424 175)
    (473 225)
  Triangle:
    (473, 125)
    (424 125)
    (473 175)
  Triangle:
    (424, 175)
    (424 125)
    (473 175)
Model
  Triangle:
    (575, 187)
    (625 187)
    (575 212)
  Triangle:
    (625, 212)
    (625 187)
    (575 212)
  Triangle:
    (575, 212)
    (625 212)
    (575 237)
  Triangle:
    (625, 237)
    (625 212)
    (575 237)
  Triangle:
    (575, 162)
    (625 162)
    (575 187)
  Triangle:
    (625, 187)
    (625 162)
    (575 187)
  Triangle:
    (625, 162)
    (675 162)
    (625 187)
  Triangle:
    (675, 187)
    (675 162)
    (625 187)
  Triangle:
    (525, 162)
    (575 162)
    (525 187)
  Triangle:
    (575, 187)
    (575 162)
    (525 187)

