Model
  Triangle:
    (235, 199)
    (200 235)
    (199 164)
  Triangle:
    (164, 200)
    (200 235)
    (199 164)
  Triangle:
    (199, 164)
    (164 200)
    (164 129)
  Triangle:
    (129, 164)
    (164 200)
    (164 129)
  Triangle:
    (270, 235)
    (235 270)
    (235 199)
  Triangle:
    (200, 235)
    (235 270)
    (235 199)
  Triangle:
    (164, 200)
    (129 235)
    (129 164)
  Triangle:
    (93, 200)
    (129 235)
    (129 164)
Model
  Triangle:
    (378, 225)
    (421 225)
    (378 275)
  Triangle:
    (421, 275)
    (421 225)
    (378 275)
  Triangle:
    (378, 125)
    (421 125)
    (378 175)
  Triangle:
    (421, 175)
    (421 125)
    (378 175)
  Triangle:
    (421, 225)
    (464 225)
    (421 275)
  Triangle:
    (464, 275)
    (464 225)
    (421 275)
  Triangle:
    (421, 175)
    (464 175)
    (421 225)
  Triangle:
    (464, 225)
    (464 175)
    (421 225)
  Triangle:
    (421, 125)
    (464 125)
    (421 175)
  Triangle:
    (464, 175)
    (464 125)
    (421 175)
  Triangle:
    (335, 225)
    (378 225)
    (335 275)
  Triangle:
    (378, 275)
    (378 225)
    (335 275)
  Triangle:
    (335, 175)
    (378 175)
    (335 225)
  Triangle:
    (378, 225)
    (378 175)
    (335 225)
  Triangle:
    (335, 125)
    (378 125)
    (335 175)
  Triangle:
    (378, 175)
    (378 125)
    (335 175)
Model
  Triangle:
    (575, 206)
    (625 206)
    (575 193)
  Triangle:
    (625, 193)
    (625 206)
    (575 193)
  Triangle:
    (575, 193)
    (625 193)
    (575 180)
  Triangle:
    (625, 180)
    (625 193)
    (575 180)
  Triangle:
    (575, 219)
    (625 219)
    (575 206)
  Triangle:
    (625, 206)
    (625 219)
    (575 206)
  Triangle:
    (625, 219)
    (675 219)
    (625 206)
  Triangle:
    (675, 206)
    (675 219)
    (625 206)
  Triangle:
    (525, 219)
    (575 219)
    (525 206)
  Triangle:
    (575, 206)
    (575 219)
    (525 206)

