Model
  Triangle:
    (168, 216)
    (183 168)
    (216 231)
  Triangle:
    (231, 183)
    (183 168)
    (216 231)
  Triangle:
    (216, 231)
    (231 183)
    (263 246)
  Triangle:
    (279, 199)
    (231 183)
    (263 246)
  Triangle:
    (120, 200)
    (136 153)
    (168 216)
  Triangle:
    (183, 168)
    (136 153)
    (168 216)
  Triangle:
    (231, 183)
    (246 136)
    (279 199)
  Triangle:
    (294, 151)
    (246 136)
    (279 199)
Model
  Triangle:
    (383, 225)
    (416 225)
    (383 275)
  Triangle:
    (416, 275)
    (416 225)
    (383 275)
  Triangle:
    (383, 125)
    (416 125)
    (383 175)
  Triangle:
    (416, 175)
    (416 125)
    (383 175)
  Triangle:
    (416, 225)
    (450 225)
    (416 275)
  Triangle:
    (450, 275)
    (450 225)
    (416 275)
  Triangle:
    (416, 175)
    (450 175)
    (416 225)
  Triangle:
    (450, 225)
    (450 175)
    (416 225)
  Triangle:
    (416, 125)
    (450 125)
    (416 175)
  Triangle:
    (450, 175)
    (450 125)
    (416 175)
  Triangle:
    (349, 225)
    (383 225)
    (349 275)
  Triangle:
    (383, 275)
    (383 225)
    (349 275)
  Triangle:
    (349, 175)
    (383 175)
    (349 225)
  Triangle:
    (383, 225)
    (383 175)
    (349 225)
  Triangle:
    (349, 125)
    (383 125)
    (349 175)
  Triangle:
    (383, 175)
    (383 125)
    (349 175)
Model
  Triangle:
    (575, 212)
    (625 212)
    (575 187)
  Triangle:
    (625, 187)
    (625 212)
    (575 187)
  Triangle:
    (575, 187)
    (625 187)
    (575 162)
  Triangle:
    (625, 162)
    (625 187)
    (575 162)
  Triangle:
    (575, 237)
    (625 237)
    (575 212)
  Triangle:
    (625, 212)
    (625 237)
    (575 212)
  Triangle:
    (625, 237)
    (675 237)
    (625 212)
  Triangle:
    (675, 212)
    (675 237)
    (625 212)
  Triangle:
    (525, 237)
    (575 237)
    (525 212)
  Triangle:
    (575, 212)
    (575 237)
    (525 212)

