Model
  Triangle:
    (200, 235)
    (164 200)
    (235 199)
  Triangle:
    (199, 164)
    (164 200)
    (235 199)
  Triangle:
    (235, 199)
    (199 164)
    (270 164)
  Triangle:
    (235, 129)
    (199 164)
    (270 164)
  Triangle:
    (164, 270)
    (129 235)
    (200 235)
  Triangle:
    (164, 200)
    (129 235)
    (200 235)
  Triangle:
    (199, 164)
    (164 129)
    (235 129)
  Triangle:
    (199, 93)
    (164 129)
    (235 129)
Model
  Triangle:
    (400, 225)
    (400 225)
    (400 275)
  Triangle:
    (400, 275)
    (400 225)
    (400 275)
  Triangle:
    (400, 125)
    (400 125)
    (400 175)
  Triangle:
    (400, 175)
    (400 125)
    (400 175)
  Triangle:
    (400, 225)
    (399 225)
    (400 275)
  Triangle:
    (399, 275)
    (399 225)
    (400 275)
  Triangle:
    (400, 175)
    (399 175)
    (400 225)
  Triangle:
    (399, 225)
    (399 175)
    (400 225)
  Triangle:
    (400, 125)
    (399 125)
    (400 175)
  Triangle:
    (399, 175)
    (399 125)
    (400 175)
  Triangle:
    (400, 225)
    (400 225)
    (400 275)
  Triangle:
    (400, 275)
    (400 225)
    (400 275)
  Triangle:
    (400, 175)
    (400 175)
    (400 225)
  Triangle:
    (400, 225)
    (400 175)
    (400 225)
  Triangle:
    (400, 125)
    (400 125)
    (400 175)
  Triangle:
    (400, 175)
    (400 125)
    (400 175)
Model
  Triangle:
    (575, 217)
    (625 217)
    (575 182)
  Triangle:
    (625, 182)
    (625 217)
    (575 182)
  Triangle:
    (575, 182)
    (625 182)
    (575 146)
  Triangle:
    (625, 146)
    (625 182)
    (575 146)
  Triangle:
    (575, 253)
    (625 253)
    (575 217)
  Triangle:
    (625, 217)
    (625 253)
    (575 217)
  Triangle:
    (625, 253)
    (675 253)
    (625 217)
  Triangle:
    (675, 217)
    (675 253)
    (625 217)
  Triangle:
    (525, 253)
    (575 253)
    (525 217)
  Triangle:
    (575, 217)
    (575 253)
    (525 217)

