Model
  Triangle:
    (165, 194)
    (205 165)
    (194 234)
  Triangle:
    (234, 205)
    (205 165)
    (194 234)
  Triangle:
    (194, 234)
    (234 205)
    (223 275)
  Triangle:
    (264, 245)
    (234 205)
    (223 275)
  Triangle:
    (135, 154)
    (176 124)
    (165 194)
  Triangle:
    (205, 165)
    (176 124)
    (165 194)
  Triangle:
    (234, 205)
    (275 176)
    (264 245)
  Triangle:
    (304, 216)
    (275 176)
    (264 245)
Model
  Triangle:
    (377, 225)
    (422 225)
    (377 275)
  Triangle:
    (422, 275)
    (422 225)
    (377 275)
  Triangle:
    (377, 125)
    (422 125)
    (377 175)
  Triangle:
    (422, 175)
    (422 125)
    (377 175)
  Triangle:
    (422, 225)
    (468 225)
    (422 275)
  Triangle:
    (468, 275)
    (468 225)
    (422 275)
  Triangle:
    (422, 175)
    (468 175)
    (422 225)
  Triangle:
    (468, 225)
    (468 175)
    (422 225)
  Triangle:
    (422, 125)
    (468 125)
    (422 175)
  Triangle:
    (468, 175)
    (468 125)
    (422 175)
  Triangle:
    (331, 225)
    (377 225)
    (331 275)
  Triangle:
    (377, 275)
    (377 225)
    (331 275)
  Triangle:
    (331, 175)
    (377 175)
    (331 225)
  Triangle:
    (377, 225)
    (377 175)
    (331 225)
  Triangle:
    (331, 125)
    (377 125)
    (331 175)
  Triangle:
    (377, 175)
    (377 125)
    (331 175)
Model
  Triangle:
    (575, 187)
    (625 187)
    (575 212)
  Triangle:
    (625, 212)
    (625 187)
    (575 212)
  Triangle:
    (575, 212)
    (625 212)
    (575 237)
  Triangle:
    (625, 237)
    (625 212)
    (575 237)
  Triangle:
    (575, 162)
    (625 162)
    (575 187)
  Triangle:
    (625, 187)
    (625 162)
    (575 187)
  Triangle:
    (625, 162)
    (675 162)
    (625 187)
  Triangle:
    (675, 187)
    (675 162)
    (625 187)
  Triangle:
    (525, 162)
    (575 162)
    (525 187)
  Triangle:
    (575, 187)
    (575 162)
    (525 187)

