Model
  Triangle:
    (179, 171)
    (228 179)
    (171 220)
  Triangle:
    (220, 228)
    (228 179)
    (171 220)
  Triangle:
    (171, 220)
    (220 228)
    (163 270)
  Triangle:
    (212, 277)
    (220 228)
    (163 270)
  Triangle:
    (187, 122)
    (236 129)
    (179 171)
  Triangle:
    (228, 179)
    (236 129)
    (179 171)
  Triangle:
    (220, 228)
    (270 236)
    (212 277)
  Triangle:
    (262, 285)
    (270 236)
    (212 277)
Model
  Triangle:
    (375, 225)
    (424 225)
    (375 275)
  Triangle:
    (424, 275)
    (424 225)
    (375 275)
  Triangle:
    (375, 125)
    (424 125)
    (375 175)
  Triangle:
    (424, 175)
    (424 125)
    (375 175)
  Triangle:
    (424, 225)
    (474 225)
    (424 275)
  Triangle:
    (474, 275)
    (474 225)
    (424 275)
  Triangle:
    (424, 175)
    (474 175)
    (424 225)
  Triangle:
    (474, 225)
    (474 175)
    (424 225)
  Triangle:
    (424, 125)
    (474 125)
    (424 175)
  Triangle:
    (474, 175)
    (474 125)
    (424 175)
  Triangle:
    (325, 225)
    (375 225)
    (325 275)
  Triangle:
    (375, 275)
    (375 225)
    (325 275)
  Triangle:
    (325, 175)
    (375 175)
    (325 225)
  Triangle:
    (375, 225)
    (375 175)
    (325 225)
  Triangle:
    (325, 125)
    (375 125)
    (325 175)
  Triangle:
    (375, 175)
    (375 125)
    (325 175)
Model
  Triangle:
    (575, 175)
    (625 175)
    (575 224)
  Triangle:
    (625, 224)
    (625 175)
    (575 224)
  Triangle:
    (575, 224)
    (625 224)
    (575 272)
  Triangle:
    (625, 272)
    (625 224)
    (575 272)
  Triangle:
    (575, 127)
    (625 127)
    (575 175)
  Triangle:
    (625, 175)
    (625 127)
    (575 175)
  Triangle:
    (625, 127)
    (675 127)
    (625 175)
  Triangle:
    (675, 175)
    (675 127)
    (625 175)
  Triangle:
    (525, 127)
    (575 127)
    (525 175)
  Triangle:
    (575, 175)
    (575 127)
    (525 175)

