Model
  Triangle:
    (175, 174)
    (225 175)
    (174 224)
  Triangle:
    (224, 225)
    (225 175)
    (174 224)
  Triangle:
    (174, 224)
    (224 225)
    (174 275)
  Triangle:
    (224, 275)
    (224 225)
    (174 275)
  Triangle:
    (175, 124)
    (225 125)
    (175 174)
  Triangle:
    (225, 175)
    (225 125)
    (175 174)
  Triangle:
    (224, 225)
    (275 225)
    (224 275)
  Triangle:
    (274, 275)
    (275 225)
    (224 275)
Model
  Triangle:
    (412, 225)
    (387 225)
    (412 275)
  Triangle:
    (387, 275)
    (387 225)
    (412 275)
  Triangle:
    (412, 125)
    (387 125)
    (412 175)
  Triangle:
    (387, 175)
    (387 125)
    (412 175)
  Triangle:
    (387, 225)
    (362 225)
    (387 275)
  Triangle:
    (362, 275)
    (362 225)
    (387 275)
  Triangle:
    (387, 175)
    (362 175)
    (387 225)
  Triangle:
    (362, 225)
    (362 175)
    (387 225)
  Triangle:
    (387, 125)
    (362 125)
    (387 175)
  Triangle:
    (362, 175)
    (362 125)
    (387 175)
  Triangle:
    (437, 225)
    (412 225)
    (437 275)
  Triangle:
    (412, 275)
    (412 225)
    (437 275)
  Triangle:
    (437, 175)
    (412 175)
    (437 225)
  Triangle:
    (412, 225)
    (412 175)
    (437 225)
  Triangle:
    (437, 125)
    (412 125)
    (437 175)
  Triangle:
    (412, 175)
    (412 125)
    (437 175)
Model
  Triangle:
    (575, 212)
    (625 212)
    (575 187)
  Triangle:
    (625, 187)
    (625 212)
    (575 187)
  Triangle:
    (575, 187)
    (625 187)
    (575 162)
  Triangle:
    (625, 162)
    (625 187)
    (575 162)
  Triangle:
    (575, 237)
    (625 237)
    (575 212)
  Triangle:
    (625, 212)
    (625 237)
    (575 212)
  Triangle:
    (625, 237)
    (675 237)
    (625 212)
  Triangle:
    (675, 212)
    (675 237)
    (625 212)
  Triangle:
    (525, 237)
    (575 237)
    (525 212)
  Triangle:
    (575, 212)
    (575 237)
    (525 212)

