Model
  Triangle:
    (168, 183)
    (216 168)
    (183 231)
  Triangle:
    (231, 216)
    (216 168)
    (183 231)
  Triangle:
    (183, 231)
    (231 216)
    (199 279)
  Triangle:
    (246, 263)
    (231 216)
    (199 279)
  Triangle:
    (153, 136)
    (200 120)
    (168 183)
  Triangle:
    (216, 168)
    (200 120)
    (168 183)
  Triangle:
    (231, 216)
    (279 200)
    (246 263)
  Triangle:
    (294, 248)
    (279 200)
    (246 263)
Model
  Triangle:
    (375, 225)
    (424 225)
    (375 275)
  Triangle:
    (424, 275)
    (424 225)
    (375 275)
  Triangle:
    (375, 125)
    (424 125)
    (375 175)
  Triangle:
    (424, 175)
    (424 125)
    (375 175)
  Triangle:
    (424, 225)
    (473 225)
    (424 275)
  Triangle:
    (473, 275)
    (473 225)
    (424 275)
  Triangle:
    (424, 175)
    (473 175)
    (424 225)
  Triangle:
    (473, 225)
    (473 175)
    (424 225)
  Triangle:
    (424, 125)
    (473 125)
    (424 175)
  Triangle:
    (473, 175)
    (473 125)
    (424 175)
  Triangle:
    (326, 225)
    (375 225)
    (326 275)
  Triangle:
    (375, 275)
    (375 225)
    (326 275)
  Triangle:
    (326, 175)
    (375 175)
    (326 225)
  Triangle:
    (375, 225)
    (375 175)
    (326 225)
  Triangle:
    (326, 125)
    (375 125)
    (326 175)
  Triangle:
    (375, 175)
    (375 125)
    (326 175)
Model
  Triangle:
    (575, 178)
    (625 178)
    (575 221)
  Triangle:
    (625, 221)
    (625 178)
    (575 221)
  Triangle:
    (575, 221)
    (625 221)
    (575 264)
  Triangle:
    (625, 264)
    (625 221)
    (575 264)
  Triangle:
    (575, 135)
    (625 135)
    (575 178)
  Triangle:
    (625, 178)
    (625 135)
    (575 178)
  Triangle:
    (625, 135)
    (675 135)
    (625 178)
  Triangle:
    (675, 178)
    (675 135)
    (625 178)
  Triangle:
    (525, 135)
    (575 135)
    (525 178)
  Triangle:
    (575, 178)
    (575 135)
    (525 178)

