Model
  Triangle:
    (194, 165)
    (234 194)
    (165 205)
  Triangle:
    (205, 234)
    (234 194)
    (165 205)
  Triangle:
    (165, 205)
    (205 234)
    (135 245)
  Triangle:
    (176, 275)
    (205 234)
    (135 245)
  Triangle:
    (223, 124)
    (264 154)
    (194 165)
  Triangle:
    (234, 194)
    (264 154)
    (194 165)
  Triangle:
    (205, 234)
    (245 264)
    (176 275)
  Triangle:
    (216, 304)
    (245 264)
    (176 275)
Model
  Triangle:
    (402, 225)
    (397 225)
    (402 275)
  Triangle:
    (397, 275)
    (397 225)
    (402 275)
  Triangle:
    (402, 125)
    (397 125)
    (402 175)
  Triangle:
    (397, 175)
    (397 125)
    (402 175)
  Triangle:
    (397, 225)
    (392 225)
    (397 275)
  Triangle:
    (392, 275)
    (392 225)
    (397 275)
  Triangle:
    (397, 175)
    (392 175)
    (397 225)
  Triangle:
    (392, 225)
    (392 175)
    (397 225)
  Triangle:
    (397, 125)
    (392 125)
    (397 175)
  Triangle:
    (392, 175)
    (392 125)
    (397 175)
  Triangle:
    (407, 225)
    (402 225)
    (407 275)
  Triangle:
    (402, 275)
    (402 225)
    (407 275)
  Triangle:
    (407, 175)
    (402 175)
    (407 225)
  Triangle:
    (402, 225)
    (402 175)
    (407 225)
  Triangle:
    (407, 125)
    (402 125)
    (407 175)
  Triangle:
    (402, 175)
    (402 125)
    (407 175)
Model
  Triangle:
    (575, 187)
    (625 187)
    (575 212)
  Triangle:
    (625, 212)
    (625 187)
    (575 212)
  Triangle:
    (575, 212)
    (625 212)
    (575 237)
  Triangle:
    (625, 237)
    (625 212)
    (575 237)
  Triangle:
    (575, 162)
    (625 162)
    (575 187)
  Triangle:
    (625, 187)
    (625 162)
    (575 187)
  Triangle:
    (625, 162)
    (675 162)
    (625 187)
  Triangle:
    (675, 187)
    (675 162)
    (625 187)
  Triangle:
    (525, 162)
    (575 162)
    (525 187)
  Triangle:
    (575, 187)
    (575 162)
    (525 187)

