Model
  Triangle:
    (200, 164)
    (235 200)
    (164 200)
  Triangle:
    (200, 235)
    (235 200)
    (164 200)
  Triangle:
    (164, 200)
    (200 235)
    (129 235)
  Triangle:
    (164, 270)
    (200 235)
    (129 235)
  Triangle:
    (235, 129)
    (270 164)
    (200 164)
  Triangle:
    (235, 200)
    (270 164)
    (200 164)
  Triangle:
    (200, 235)
    (235 270)
    (164 270)
  Triangle:
    (200, 306)
    (235 270)
    (164 270)
Model
  Triangle:
    (378, 225)
    (421 225)
    (378 275)
  Triangle:
    (421, 275)
    (421 225)
    (378 275)
  Triangle:
    (378, 125)
    (421 125)
    (378 175)
  Triangle:
    (421, 175)
    (421 125)
    (378 175)
  Triangle:
    (421, 225)
    (464 225)
    (421 275)
  Triangle:
    (464, 275)
    (464 225)
    (421 275)
  Triangle:
    (421, 175)
    (464 175)
    (421 225)
  Triangle:
    (464, 225)
    (464 175)
    (421 225)
  Triangle:
    (421, 125)
    (464 125)
    (421 175)
  Triangle:
    (464, 175)
    (464 125)
    (421 175)
  Triangle:
    (335, 225)
    (378 225)
    (335 275)
  Triangle:
    (378, 275)
    (378 225)
    (335 275)
  Triangle:
    (335, 175)
    (378 175)
    (335 225)
  Triangle:
    (378, 225)
    (378 175)
    (335 225)
  Triangle:
    (335, 125)
    (378 125)
    (335 175)
  Triangle:
    (378, 175)
    (378 125)
    (335 175)
Model
  Triangle:
    (575, 193)
    (625 193)
    (575 206)
  Triangle:
    (625, 206)
    (625 193)
    (575 206)
  Triangle:
    (575, 206)
    (625 206)
    (575 219)
  Triangle:
    (625, 219)
    (625 206)
    (575 219)
  Triangle:
    (575, 180)
    (625 180)
    (575 193)
  Triangle:
    (625, 193)
    (625 180)
    (575 193)
  Triangle:
    (625, 180)
    (675 180)
    (625 193)
  Triangle:
    (675, 193)
    (675 180)
    (625 193)
  Triangle:
    (525, 180)
    (575 180)
    (525 193)
  Triangle:
    (575, 193)
    (575 180)
    (525 193)

