Model
  Triangle:
    (220, 171)
    (228 220)
    (171 179)
  Triangle:
    (179, 228)
    (228 220)
    (171 179)
  Triangle:
    (171, 179)
    (179 228)
    (122 187)
  Triangle:
    (129, 236)
    (179 228)
    (122 187)
  Triangle:
    (270, 163)
    (277 212)
    (220 171)
  Triangle:
    (228, 220)
    (277 212)
    (220 171)
  Triangle:
    (179, 228)
    (187 277)
    (129 236)
  Triangle:
    (137, 285)
    (187 277)
    (129 236)
Model
  Triangle:
    (389, 225)
    (410 225)
    (389 275)
  Triangle:
    (410, 275)
    (410 225)
    (389 275)
  Triangle:
    (389, 125)
    (410 125)
    (389 175)
  Triangle:
    (410, 175)
    (410 125)
    (389 175)
  Triangle:
    (410, 225)
    (430 225)
    (410 275)
  Triangle:
    (430, 275)
    (430 225)
    (410 275)
  Triangle:
    (410, 175)
    (430 175)
    (410 225)
  Triangle:
    (430, 225)
    (430 175)
    (410 225)
  Triangle:
    (410, 125)
    (430 125)
    (410 175)
  Triangle:
    (430, 175)
    (430 125)
    (410 175)
  Triangle:
    (369, 225)
    (389 225)
    (369 275)
  Triangle:
    (389, 275)
    (389 225)
    (369 275)
  Triangle:
    (369, 175)
    (389 175)
    (369 225)
  Triangle:
    (389, 225)
    (389 175)
    (369 225)
  Triangle:
    (369, 125)
    (389 125)
    (369 175)
  Triangle:
    (389, 175)
    (389 125)
    (369 175)
Model
  Triangle:
    (575, 175)
    (625 175)
    (575 224)
  Triangle:
    (625, 224)
    (625 175)
    (575 224)
  Triangle:
    (575, 224)
    (625 224)
    (575 272)
  Triangle:
    (625, 272)
    (625 224)
    (575 272)
  Triangle:
    (575, 127)
    (625 127)
    (575 175)
  Triangle:
    (625, 175)
    (625 127)
    (575 175)
  Triangle:
    (625, 127)
    (675 127)
    (625 175)
  Triangle:
    (675, 175)
    (675 127)
    (625 175)
  Triangle:
    (525, 127)
    (575 127)
    (525 175)
  Triangle:
    (575, 175)
    (575 127)
    (525 175)

