Model
  Triangle:
    (183, 231)
    (168 183)
    (231 216)
  Triangle:
    (216, 168)
    (168 183)
    (231 216)
  Triangle:
    (231, 216)
    (216 168)
    (279 200)
  Triangle:
    (263, 153)
    (216 168)
    (279 200)
  Triangle:
    (136, 246)
    (120 199)
    (183 231)
  Triangle:
    (168, 183)
    (120 199)
    (183 231)
  Triangle:
    (216, 168)
    (200 120)
    (263 153)
  Triangle:
    (248, 105)
    (200 120)
    (263 153)
Model
  Triangle:
    (392, 225)
    (407 225)
    (392 275)
  Triangle:
    (407, 275)
    (407 225)
    (392 275)
  Triangle:
    (392, 125)
    (407 125)
    (392 175)
  Triangle:
    (407, 175)
    (407 125)
    (392 175)
  Triangle:
    (407, 225)
    (423 225)
    (407 275)
  Triangle:
    (423, 275)
    (423 225)
    (407 275)
  Triangle:
    (407, 175)
    (423 175)
    (407 225)
  Triangle:
    (423, 225)
    (423 175)
    (407 225)
  Triangle:
    (407, 125)
    (423 125)
    (407 175)
  Triangle:
    (423, 175)
    (423 125)
    (407 175)
  Triangle:
    (376, 225)
    (392 225)
    (376 275)
  Triangle:
    (392, 275)
    (392 225)
    (376 275)
  Triangle:
    (376, 175)
    (392 175)
    (376 225)
  Triangle:
    (392, 225)
    (392 175)
    (376 225)
  Triangle:
    (376, 125)
    (392 125)
    (376 175)
  Triangle:
    (392, 175)
    (392 125)
    (376 175)
Model
  Triangle:
    (575, 225)
    (625 225)
    (575 175)
  Triangle:
    (625, 175)
    (625 225)
    (575 175)
  Triangle:
    (575, 175)
    (625 175)
    (575 125)
  Triangle:
    (625, 125)
    (625 175)
    (575 125)
  Triangle:
    (575, 275)
    (625 275)
    (575 225)
  Triangle:
    (625, 225)
    (625 275)
    (575 225)
  Triangle:
    (625, 275)
    (675 275)
    (625 225)
  Triangle:
    (675, 225)
    (675 275)
    (625 225)
  Triangle:
    (525, 275)
    (575 275)
    (525 225)
  Triangle:
    (575, 225)
    (575 275)
    (525 225)

