Model
  Triangle:
    (205, 165)
    (234 205)
    (165 194)
  Triangle:
    (194, 234)
    (234 205)
    (165 194)
  Triangle:
    (165, 194)
    (194 234)
    (124 223)
  Triangle:
    (154, 264)
    (194 234)
    (124 223)
  Triangle:
    (245, 135)
    (275 176)
    (205 165)
  Triangle:
    (234, 205)
    (275 176)
    (205 165)
  Triangle:
    (194, 234)
    (223 275)
    (154 264)
  Triangle:
    (183, 304)
    (223 275)
    (154 264)
Model
  Triangle:
    (379, 225)
    (420 225)
    (379 275)
  Triangle:
    (420, 275)
    (420 225)
    (379 275)
  Triangle:
    (379, 125)
    (420 125)
    (379 175)
  Triangle:
    (420, 175)
    (420 125)
    (379 175)
  Triangle:
    (420, 225)
    (460 225)
    (420 275)
  Triangle:
    (460, 275)
    (460 225)
    (420 275)
  Triangle:
    (420, 175)
    (460 175)
    (420 225)
  Triangle:
    (460, 225)
    (460 175)
    (420 225)
  Triangle:
    (420, 125)
    (460 125)
    (420 175)
  Triangle:
    (460, 175)
    (460 125)
    (420 175)
  Triangle:
    (339, 225)
    (379 225)
    (339 275)
  Triangle:
    (379, 275)
    (379 225)
    (339 275)
  Triangle:
    (339, 175)
    (379 175)
    (339 225)
  Triangle:
    (379, 225)
    (379 175)
    (339 225)
  Triangle:
    (339, 125)
    (379 125)
    (339 175)
  Triangle:
    (379, 175)
    (379 125)
    (339 175)
Model
  Triangle:
    (575, 200)
    (625 200)
    (575 200)
  Triangle:
    (625, 200)
    (625 200)
    (575 200)
  Triangle:
    (575, 200)
    (625 200)
    (575 200)
  Triangle:
    (625, 200)
    (625 200)
    (575 200)
  Triangle:
    (575, 200)
    (625 200)
    (575 200)
  Triangle:
    (625, 200)
    (625 200)
    (575 200)
  Triangle:
    (625, 200)
    (675 200)
    (625 200)
  Triangle:
    (675, 200)
    (675 200)
    (625 200)
  Triangle:
    (525, 200)
    (575 200)
    (525 200)
  Triangle:
    (575, 200)
    (575 200)
    (525 200)

