Model
  Triangle:
    (179, 171)
    (228 179)
    (171 220)
  Triangle:
    (220, 228)
    (228 179)
    (171 220)
  Triangle:
    (171, 220)
    (220 228)
    (163 270)
  Triangle:
    (212, 277)
    (220 228)
    (163 270)
  Triangle:
    (187, 122)
    (236 129)
    (179 171)
  Triangle:
    (228, 179)
    (236 129)
    (179 171)
  Triangle:
    (220, 228)
    (270 236)
    (212 277)
  Triangle:
    (262, 285)
    (270 236)
    (212 277)
Model
  Triangle:
    (414, 225)
    (385 225)
    (414 275)
  Triangle:
    (385, 275)
    (385 225)
    (414 275)
  Triangle:
    (414, 125)
    (385 125)
    (414 175)
  Triangle:
    (385, 175)
    (385 125)
    (414 175)
  Triangle:
    (385, 225)
    (355 225)
    (385 275)
  Triangle:
    (355, 275)
    (355 225)
    (385 275)
  Triangle:
    (385, 175)
    (355 175)
    (385 225)
  Triangle:
    (355, 225)
    (355 175)
    (385 225)
  Triangle:
    (385, 125)
    (355 125)
    (385 175)
  Triangle:
    (355, 175)
    (355 125)
    (385 175)
  Triangle:
    (444, 225)
    (414 225)
    (444 275)
  Triangle:
    (414, 275)
    (414 225)
    (444 275)
  Triangle:
    (444, 175)
    (414 175)
    (444 225)
  Triangle:
    (414, 225)
    (414 175)
    (444 225)
  Triangle:
    (444, 125)
    (414 125)
    (444 175)
  Triangle:
    (414, 175)
    (414 125)
    (444 175)
Model
  Triangle:
    (575, 217)
    (625 217)
    (575 182)
  Triangle:
    (625, 182)
    (625 217)
    (575 182)
  Triangle:
    (575, 182)
    (625 182)
    (575 146)
  Triangle:
    (625, 146)
    (625 182)
    (575 146)
  Triangle:
    (575, 253)
    (625 253)
    (575 217)
  Triangle:
    (625, 217)
    (625 253)
    (575 217)
  Triangle:
    (625, 253)
    (675 253)
    (625 217)
  Triangle:
    (675, 217)
    (675 253)
    (625 217)
  Triangle:
    (525, 253)
    (575 253)
    (525 217)
  Triangle:
    (575, 217)
    (575 253)
    (525 217)

