Model
  Triangle:
    (210, 233)
    (166 210)
    (233 189)
  Triangle:
    (189, 166)
    (166 210)
    (233 189)
  Triangle:
    (233, 189)
    (189 166)
    (256 144)
  Triangle:
    (211, 121)
    (189 166)
    (256 144)
  Triangle:
    (188, 278)
    (143 255)
    (210 233)
  Triangle:
    (166, 210)
    (143 255)
    (210 233)
  Triangle:
    (189, 166)
    (144 143)
    (211 121)
  Triangle:
    (167, 99)
    (144 143)
    (211 121)
Model
  Triangle:
    (418, 225)
    (381 225)
    (418 275)
  Triangle:
    (381, 275)
    (381 225)
    (418 275)
  Triangle:
    (418, 125)
    (381 125)
    (418 175)
  Triangle:
    (381, 175)
    (381 125)
    (418 175)
  Triangle:
    (381, 225)
    (344 225)
    (381 275)
  Triangle:
    (344, 275)
    (344 225)
    (381 275)
  Triangle:
    (381, 175)
    (344 175)
    (381 225)
  Triangle:
    (344, 225)
    (344 175)
    (381 225)
  Triangle:
    (381, 125)
    (344 125)
    (381 175)
  Triangle:
    (344, 175)
    (344 125)
    (381 175)
  Triangle:
    (455, 225)
    (418 225)
    (455 275)
  Triangle:
    (418, 275)
    (418 225)
    (455 275)
  Triangle:
    (455, 175)
    (418 175)
    (455 225)
  Triangle:
    (418, 225)
    (418 175)
    (455 225)
  Triangle:
    (455, 125)
    (418 125)
    (455 175)
  Triangle:
    (418, 175)
    (418 125)
    (455 175)
Model
  Triangle:
    (575, 175)
    (625 175)
    (575 224)
  Triangle:
    (625, 224)
    (625 175)
    (575 224)
  Triangle:
    (575, 224)
    (625 224)
    (575 272)
  Triangle:
    (625, 272)
    (625 224)
    (575 272)
  Triangle:
    (575, 127)
    (625 127)
    (575 175)
  Triangle:
    (625, 175)
    (625 127)
    (575 175)
  Triangle:
    (625, 127)
    (675 127)
    (625 175)
  Triangle:
    (675, 175)
    (675 127)
    (625 175)
  Triangle:
    (525, 127)
    (575 127)
    (525 175)
  Triangle:
    (575, 175)
    (575 127)
    (525 175)

