Model
  Triangle:
    (231, 183)
    (216 231)
    (183 168)
  Triangle:
    (168, 216)
    (216 231)
    (183 168)
  Triangle:
    (183, 168)
    (168 216)
    (136 153)
  Triangle:
    (120, 200)
    (168 216)
    (136 153)
  Triangle:
    (279, 199)
    (263 246)
    (231 183)
  Triangle:
    (216, 231)
    (263 246)
    (231 183)
  Triangle:
    (168, 216)
    (153 263)
    (120 200)
  Triangle:
    (105, 248)
    (153 263)
    (120 200)
Model
  Triangle:
    (392, 225)
    (407 225)
    (392 275)
  Triangle:
    (407, 275)
    (407 225)
    (392 275)
  Triangle:
    (392, 125)
    (407 125)
    (392 175)
  Triangle:
    (407, 175)
    (407 125)
    (392 175)
  Triangle:
    (407, 225)
    (423 225)
    (407 275)
  Triangle:
    (423, 275)
    (423 225)
    (407 275)
  Triangle:
    (407, 175)
    (423 175)
    (407 225)
  Triangle:
    (423, 225)
    (423 175)
    (407 225)
  Triangle:
    (407, 125)
    (423 125)
    (407 175)
  Triangle:
    (423, 175)
    (423 125)
    (407 175)
  Triangle:
    (376, 225)
    (392 225)
    (376 275)
  Triangle:
    (392, 275)
    (392 225)
    (376 275)
  Triangle:
    (376, 175)
    (392 175)
    (376 225)
  Triangle:
    (392, 225)
    (392 175)
    (376 225)
  Triangle:
    (376, 125)
    (392 125)
    (376 175)
  Triangle:
    (392, 175)
    (392 125)
    (376 175)
Model
  Triangle:
    (575, 225)
    (625 225)
    (575 175)
  Triangle:
    (625, 175)
    (625 225)
    (575 175)
  Triangle:
    (575, 175)
    (625 175)
    (575 125)
  Triangle:
    (625, 125)
    (625 175)
    (575 125)
  Triangle:
    (575, 275)
    (625 275)
    (575 225)
  Triangle:
    (625, 225)
    (625 275)
    (575 225)
  Triangle:
    (625, 275)
    (675 275)
    (625 225)
  Triangle:
    (675, 225)
    (675 275)
    (625 225)
  Triangle:
    (525, 275)
    (575 275)
    (525 225)
  Triangle:
    (575, 225)
    (575 275)
    (525 225)

