Model
  Triangle:
    (228, 220)
    (179 228)
    (220 171)
  Triangle:
    (171, 179)
    (179 228)
    (220 171)
  Triangle:
    (220, 171)
    (171 179)
    (212 122)
  Triangle:
    (163, 129)
    (171 179)
    (212 122)
  Triangle:
    (236, 270)
    (187 277)
    (228 220)
  Triangle:
    (179, 228)
    (187 277)
    (228 220)
  Triangle:
    (171, 179)
    (122 187)
    (163 129)
  Triangle:
    (114, 137)
    (122 187)
    (163 129)
Model
  Triangle:
    (410, 225)
    (389 225)
    (410 275)
  Triangle:
    (389, 275)
    (389 225)
    (410 275)
  Triangle:
    (410, 125)
    (389 125)
    (410 175)
  Triangle:
    (389, 175)
    (389 125)
    (410 175)
  Triangle:
    (389, 225)
    (369 225)
    (389 275)
  Triangle:
    (369, 275)
    (369 225)
    (389 275)
  Triangle:
    (389, 175)
    (369 175)
    (389 225)
  Triangle:
    (369, 225)
    (369 175)
    (389 225)
  Triangle:
    (389, 125)
    (369 125)
    (389 175)
  Triangle:
    (369, 175)
    (369 125)
    (389 175)
  Triangle:
    (430, 225)
    (410 225)
    (430 275)
  Triangle:
    (410, 275)
    (410 225)
    (430 275)
  Triangle:
    (430, 175)
    (410 175)
    (430 225)
  Triangle:
    (410, 225)
    (410 175)
    (430 225)
  Triangle:
    (430, 125)
    (410 125)
    (430 175)
  Triangle:
    (410, 175)
    (410 125)
    (430 175)
Model
  Triangle:
    (575, 193)
    (625 193)
    (575 206)
  Triangle:
    (625, 206)
    (625 193)
    (575 206)
  Triangle:
    (575, 206)
    (625 206)
    (575 219)
  Triangle:
    (625, 219)
    (625 206)
    (575 219)
  Triangle:
    (575, 180)
    (625 180)
    (575 193)
  Triangle:
    (625, 193)
    (625 180)
    (575 193)
  Triangle:
    (625, 180)
    (675 180)
    (625 193)
  Triangle:
    (675, 193)
    (675 180)
    (625 193)
  Triangle:
    (525, 180)
    (575 180)
    (525 193)
  Triangle:
    (575, 193)
    (575 180)
    (525 193)

