Model
  Triangle:
    (216, 168)
    (231 216)
    (168 183)
  Triangle:
    (183, 231)
    (231 216)
    (168 183)
  Triangle:
    (168, 183)
    (183 231)
    (120 199)
  Triangle:
    (136, 246)
    (183 231)
    (120 199)
  Triangle:
    (263, 153)
    (279 200)
    (216 168)
  Triangle:
    (231, 216)
    (279 200)
    (216 168)
  Triangle:
    (183, 231)
    (199 279)
    (136 246)
  Triangle:
    (151, 294)
    (199 279)
    (136 246)
Model
  Triangle:
    (424, 225)
    (375 225)
    (424 275)
  Triangle:
    (375, 275)
    (375 225)
    (424 275)
  Triangle:
    (424, 125)
    (375 125)
    (424 175)
  Triangle:
    (375, 175)
    (375 125)
    (424 175)
  Triangle:
    (375, 225)
    (326 225)
    (375 275)
  Triangle:
    (326, 275)
    (326 225)
    (375 275)
  Triangle:
    (375, 175)
    (326 175)
    (375 225)
  Triangle:
    (326, 225)
    (326 175)
    (375 225)
  Triangle:
    (375, 125)
    (326 125)
    (375 175)
  Triangle:
    (326, 175)
    (326 125)
    (375 175)
  Triangle:
    (473, 225)
    (424 225)
    (473 275)
  Triangle:
    (424, 275)
    (424 225)
    (473 275)
  Triangle:
    (473, 175)
    (424 175)
    (473 225)
  Triangle:
    (424, 225)
    (424 175)
    (473 225)
  Triangle:
    (473, 125)
    (424 125)
    (473 175)
  Triangle:
    (424, 175)
    (424 125)
    (473 175)
Model
  Triangle:
    (575, 212)
    (625 212)
    (575 187)
  Triangle:
    (625, 187)
    (625 212)
    (575 187)
  Triangle:
    (575, 187)
    (625 187)
    (575 162)
  Triangle:
    (625, 162)
    (625 187)
    (575 162)
  Triangle:
    (575, 237)
    (625 237)
    (575 212)
  Triangle:
    (625, 212)
    (625 237)
    (575 212)
  Triangle:
    (625, 237)
    (675 237)
    (625 212)
  Triangle:
    (675, 212)
    (675 237)
    (625 212)
  Triangle:
    (525, 237)
    (575 237)
    (525 212)
  Triangle:
    (575, 212)
    (575 237)
    (525 212)

