Model
  Triangle:
    (194, 234)
    (165 194)
    (234 205)
  Triangle:
    (205, 165)
    (165 194)
    (234 205)
  Triangle:
    (234, 205)
    (205 165)
    (275 176)
  Triangle:
    (245, 135)
    (205 165)
    (275 176)
  Triangle:
    (154, 264)
    (124 223)
    (194 234)
  Triangle:
    (165, 194)
    (124 223)
    (194 234)
  Triangle:
    (205, 165)
    (176 124)
    (245 135)
  Triangle:
    (216, 95)
    (176 124)
    (245 135)
Model
  Triangle:
    (397, 225)
    (402 225)
    (397 275)
  Triangle:
    (402, 275)
    (402 225)
    (397 275)
  Triangle:
    (397, 125)
    (402 125)
    (397 175)
  Triangle:
    (402, 175)
    (402 125)
    (397 175)
  Triangle:
    (402, 225)
    (407 225)
    (402 275)
  Triangle:
    (407, 275)
    (407 225)
    (402 275)
  Triangle:
    (402, 175)
    (407 175)
    (402 225)
  Triangle:
    (407, 225)
    (407 175)
    (402 225)
  Triangle:
    (402, 125)
    (407 125)
    (402 175)
  Triangle:
    (407, 175)
    (407 125)
    (402 175)
  Triangle:
    (392, 225)
    (397 225)
    (392 275)
  Triangle:
    (397, 275)
    (397 225)
    (392 275)
  Triangle:
    (392, 175)
    (397 175)
    (392 225)
  Triangle:
    (397, 225)
    (397 175)
    (392 225)
  Triangle:
    (392, 125)
    (397 125)
    (392 175)
  Triangle:
    (397, 175)
    (397 125)
    (392 175)
Model
  Triangle:
    (575, 221)
    (625 221)
    (575 178)
  Triangle:
    (625, 178)
    (625 221)
    (575 178)
  Triangle:
    (575, 178)
    (625 178)
    (575 135)
  Triangle:
    (625, 135)
    (625 178)
    (575 135)
  Triangle:
    (575, 264)
    (625 264)
    (575 221)
  Triangle:
    (625, 221)
    (625 264)
    (575 221)
  Triangle:
    (625, 264)
    (675 264)
    (625 221)
  Triangle:
    (675, 221)
    (675 264)
    (625 221)
  Triangle:
    (525, 264)
    (575 264)
    (525 221)
  Triangle:
    (575, 221)
    (575 264)
    (525 221)

