Model
  Triangle:
    (228, 179)
    (220 228)
    (179 171)
  Triangle:
    (171, 220)
    (220 228)
    (179 171)
  Triangle:
    (179, 171)
    (171 220)
    (129 163)
  Triangle:
    (122, 212)
    (171 220)
    (129 163)
  Triangle:
    (277, 187)
    (270 236)
    (228 179)
  Triangle:
    (220, 228)
    (270 236)
    (228 179)
  Triangle:
    (171, 220)
    (163 270)
    (122 212)
  Triangle:
    (114, 262)
    (163 270)
    (122 212)
Model
  Triangle:
    (385, 225)
    (414 225)
    (385 275)
  Triangle:
    (414, 275)
    (414 225)
    (385 275)
  Triangle:
    (385, 125)
    (414 125)
    (385 175)
  Triangle:
    (414, 175)
    (414 125)
    (385 175)
  Triangle:
    (414, 225)
    (444 225)
    (414 275)
  Triangle:
    (444, 275)
    (444 225)
    (414 275)
  Triangle:
    (414, 175)
    (444 175)
    (414 225)
  Triangle:
    (444, 225)
    (444 175)
    (414 225)
  Triangle:
    (414, 125)
    (444 125)
    (414 175)
  Triangle:
    (444, 175)
    (444 125)
    (414 175)
  Triangle:
    (355, 225)
    (385 225)
    (355 275)
  Triangle:
    (385, 275)
    (385 225)
    (355 275)
  Triangle:
    (355, 175)
    (385 175)
    (355 225)
  Triangle:
    (385, 225)
    (385 175)
    (355 225)
  Triangle:
    (355, 125)
    (385 125)
    (355 175)
  Triangle:
    (385, 175)
    (385 125)
    (355 175)
Model
  Triangle:
    (575, 182)
    (625 182)
    (575 217)
  Triangle:
    (625, 217)
    (625 182)
    (575 217)
  Triangle:
    (575, 217)
    (625 217)
    (575 253)
  Triangle:
    (625, 253)
    (625 217)
    (575 253)
  Triangle:
    (575, 146)
    (625 146)
    (575 182)
  Triangle:
    (625, 182)
    (625 146)
    (575 182)
  Triangle:
    (625, 146)
    (675 146)
    (625 182)
  Triangle:
    (675, 182)
    (675 146)
    (625 182)
  Triangle:
    (525, 146)
    (575 146)
    (525 182)
  Triangle:
    (575, 182)
    (575 146)
    (525 182)

