Model
  Triangle:
    (234, 205)
    (194 234)
    (205 165)
  Triangle:
    (165, 194)
    (194 234)
    (205 165)
  Triangle:
    (205, 165)
    (165 194)
    (176 124)
  Triangle:
    (135, 154)
    (165 194)
    (176 124)
  Triangle:
    (264, 245)
    (223 275)
    (234 205)
  Triangle:
    (194, 234)
    (223 275)
    (234 205)
  Triangle:
    (165, 194)
    (124 223)
    (135 154)
  Triangle:
    (95, 183)
    (124 223)
    (135 154)
Model
  Triangle:
    (420, 225)
    (379 225)
    (420 275)
  Triangle:
    (379, 275)
    (379 225)
    (420 275)
  Triangle:
    (420, 125)
    (379 125)
    (420 175)
  Triangle:
    (379, 175)
    (379 125)
    (420 175)
  Triangle:
    (379, 225)
    (339 225)
    (379 275)
  Triangle:
    (339, 275)
    (339 225)
    (379 275)
  Triangle:
    (379, 175)
    (339 175)
    (379 225)
  Triangle:
    (339, 225)
    (339 175)
    (379 225)
  Triangle:
    (379, 125)
    (339 125)
    (379 175)
  Triangle:
    (339, 175)
    (339 125)
    (379 175)
  Triangle:
    (460, 225)
    (420 225)
    (460 275)
  Triangle:
    (420, 275)
    (420 225)
    (460 275)
  Triangle:
    (460, 175)
    (420 175)
    (460 225)
  Triangle:
    (420, 225)
    (420 175)
    (460 225)
  Triangle:
    (460, 125)
    (420 125)
    (460 175)
  Triangle:
    (420, 175)
    (420 125)
    (460 175)
Model
  Triangle:
    (575, 175)
    (625 175)
    (575 225)
  Triangle:
    (625, 225)
    (625 175)
    (575 225)
  Triangle:
    (575, 225)
    (625 225)
    (575 275)
  Triangle:
    (625, 275)
    (625 225)
    (575 275)
  Triangle:
    (575, 125)
    (625 125)
    (575 175)
  Triangle:
    (625, 175)
    (625 125)
    (575 175)
  Triangle:
    (625, 125)
    (675 125)
    (625 175)
  Triangle:
    (675, 175)
    (675 125)
    (625 175)
  Triangle:
    (525, 125)
    (575 125)
    (525 175)
  Triangle:
    (575, 175)
    (575 125)
    (525 175)

