Model
  Triangle:
    (234, 194)
    (205 234)
    (194 165)
  Triangle:
    (165, 205)
    (205 234)
    (194 165)
  Triangle:
    (194, 165)
    (165 205)
    (154 135)
  Triangle:
    (124, 176)
    (165 205)
    (154 135)
  Triangle:
    (275, 223)
    (245 264)
    (234 194)
  Triangle:
    (205, 234)
    (245 264)
    (234 194)
  Triangle:
    (165, 205)
    (135 245)
    (124 176)
  Triangle:
    (95, 216)
    (135 245)
    (124 176)
Model
  Triangle:
    (422, 225)
    (377 225)
    (422 275)
  Triangle:
    (377, 275)
    (377 225)
    (422 275)
  Triangle:
    (422, 125)
    (377 125)
    (422 175)
  Triangle:
    (377, 175)
    (377 125)
    (422 175)
  Triangle:
    (377, 225)
    (331 225)
    (377 275)
  Triangle:
    (331, 275)
    (331 225)
    (377 275)
  Triangle:
    (377, 175)
    (331 175)
    (377 225)
  Triangle:
    (331, 225)
    (331 175)
    (377 225)
  Triangle:
    (377, 125)
    (331 125)
    (377 175)
  Triangle:
    (331, 175)
    (331 125)
    (377 175)
  Triangle:
    (468, 225)
    (422 225)
    (468 275)
  Triangle:
    (422, 275)
    (422 225)
    (468 275)
  Triangle:
    (468, 175)
    (422 175)
    (468 225)
  Triangle:
    (422, 225)
    (422 175)
    (468 225)
  Triangle:
    (468, 125)
    (422 125)
    (468 175)
  Triangle:
    (422, 175)
    (422 125)
    (468 175)
Model
  Triangle:
    (575, 178)
    (625 178)
    (575 221)
  Triangle:
    (625, 221)
    (625 178)
    (575 221)
  Triangle:
    (575, 221)
    (625 221)
    (575 264)
  Triangle:
    (625, 264)
    (625 221)
    (575 264)
  Triangle:
    (575, 135)
    (625 135)
    (575 178)
  Triangle:
    (625, 178)
    (625 135)
    (575 178)
  Triangle:
    (625, 135)
    (675 135)
    (625 178)
  Triangle:
    (675, 178)
    (675 135)
    (625 178)
  Triangle:
    (525, 135)
    (575 135)
    (525 178)
  Triangle:
    (575, 178)
    (575 135)
    (525 178)

