Model
  Triangle:
    (164, 200)
    (200 164)
    (200 235)
  Triangle:
    (235, 200)
    (200 164)
    (200 235)
  Triangle:
    (200, 235)
    (235 200)
    (235 270)
  Triangle:
    (270, 235)
    (235 200)
    (235 270)
  Triangle:
    (129, 164)
    (164 129)
    (164 200)
  Triangle:
    (200, 164)
    (164 129)
    (164 200)
  Triangle:
    (235, 200)
    (270 164)
    (270 235)
  Triangle:
    (306, 200)
    (270 164)
    (270 235)
Model
  Triangle:
    (400, 225)
    (400 225)
    (400 275)
  Triangle:
    (400, 275)
    (400 225)
    (400 275)
  Triangle:
    (400, 125)
    (400 125)
    (400 175)
  Triangle:
    (400, 175)
    (400 125)
    (400 175)
  Triangle:
    (400, 225)
    (400 225)
    (400 275)
  Triangle:
    (400, 275)
    (400 225)
    (400 275)
  Triangle:
    (400, 175)
    (400 175)
    (400 225)
  Triangle:
    (400, 225)
    (400 175)
    (400 225)
  Triangle:
    (400, 125)
    (400 125)
    (400 175)
  Triangle:
    (400, 175)
    (400 125)
    (400 175)
  Triangle:
    (400, 225)
    (400 225)
    (400 275)
  Triangle:
    (400, 275)
    (400 225)
    (400 275)
  Triangle:
    (400, 175)
    (400 175)
    (400 225)
  Triangle:
    (400, 225)
    (400 175)
    (400 225)
  Triangle:
    (400, 125)
    (400 125)
    (400 175)
  Triangle:
    (400, 175)
    (400 125)
    (400 175)
Model
  Triangle:
    (575, 182)
    (625 182)
    (575 217)
  Triangle:
    (625, 217)
    (625 182)
    (575 217)
  Triangle:
    (575, 217)
    (625 217)
    (575 253)
  Triangle:
    (625, 253)
    (625 217)
    (575 253)
  Triangle:
    (575, 146)
    (625 146)
    (575 182)
  Triangle:
    (625, 182)
    (625 146)
    (575 182)
  Triangle:
    (625, 146)
    (675 146)
    (625 182)
  Triangle:
    (675, 182)
    (675 146)
    (625 182)
  Triangle:
    (525, 146)
    (575 146)
    (525 182)
  Triangle:
    (575, 182)
    (575 146)
    (525 182)

