Model
  Triangle:
    (216, 231)
    (168 216)
    (231 183)
  Triangle:
    (183, 168)
    (168 216)
    (231 183)
  Triangle:
    (231, 183)
    (183 168)
    (246 136)
  Triangle:
    (199, 120)
    (183 168)
    (246 136)
  Triangle:
    (200, 279)
    (153 263)
    (216 231)
  Triangle:
    (168, 216)
    (153 263)
    (216 231)
  Triangle:
    (183, 168)
    (136 153)
    (199 120)
  Triangle:
    (151, 105)
    (136 153)
    (199 120)
Model
  Triangle:
    (407, 225)
    (392 225)
    (407 275)
  Triangle:
    (392, 275)
    (392 225)
    (407 275)
  Triangle:
    (407, 125)
    (392 125)
    (407 175)
  Triangle:
    (392, 175)
    (392 125)
    (407 175)
  Triangle:
    (392, 225)
    (376 225)
    (392 275)
  Triangle:
    (376, 275)
    (376 225)
    (392 275)
  Triangle:
    (392, 175)
    (376 175)
    (392 225)
  Triangle:
    (376, 225)
    (376 175)
    (392 225)
  Triangle:
    (392, 125)
    (376 125)
    (392 175)
  Triangle:
    (376, 175)
    (376 125)
    (392 175)
  Triangle:
    (423, 225)
    (407 225)
    (423 275)
  Triangle:
    (407, 275)
    (407 225)
    (423 275)
  Triangle:
    (423, 175)
    (407 175)
    (423 225)
  Triangle:
    (407, 225)
    (407 175)
    (423 225)
  Triangle:
    (423, 125)
    (407 125)
    (423 175)
  Triangle:
    (407, 175)
    (407 125)
    (423 175)
Model
  Triangle:
    (575, 199)
    (625 199)
    (575 200)
  Triangle:
    (625, 200)
    (625 199)
    (575 200)
  Triangle:
    (575, 200)
    (625 200)
    (575 200)
  Triangle:
    (625, 200)
    (625 200)
    (575 200)
  Triangle:
    (575, 199)
    (625 199)
    (575 199)
  Triangle:
    (625, 199)
    (625 199)
    (575 199)
  Triangle:
    (625, 199)
    (675 199)
    (625 199)
  Triangle:
    (675, 199)
    (675 199)
    (625 199)
  Triangle:
    (525, 199)
    (575 199)
    (525 199)
  Triangle:
    (575, 199)
    (575 199)
    (525 199)

