Model
  Triangle:
    (225, 175)
    (225 225)
    (175 175)
  Triangle:
    (175, 225)
    (225 225)
    (175 175)
  Triangle:
    (175, 175)
    (175 225)
    (125 175)
  Triangle:
    (125, 225)
    (175 225)
    (125 175)
  Triangle:
    (275, 175)
    (275 225)
    (225 175)
  Triangle:
    (225, 225)
    (275 225)
    (225 175)
  Triangle:
    (175, 225)
    (175 275)
    (125 225)
  Triangle:
    (125, 275)
    (175 275)
    (125 225)
Model
  Triangle:
    (425, 225)
    (375 225)
    (425 275)
  Triangle:
    (375, 275)
    (375 225)
    (425 275)
  Triangle:
    (425, 125)
    (375 125)
    (425 175)
  Triangle:
    (375, 175)
    (375 125)
    (425 175)
  Triangle:
    (375, 225)
    (325 225)
    (375 275)
  Triangle:
    (325, 275)
    (325 225)
    (375 275)
  Triangle:
    (375, 175)
    (325 175)
    (375 225)
  Triangle:
    (325, 225)
    (325 175)
    (375 225)
  Triangle:
    (375, 125)
    (325 125)
    (375 175)
  Triangle:
    (325, 175)
    (325 125)
    (375 175)
  Triangle:
    (475, 225)
    (425 225)
    (475 275)
  Triangle:
    (425, 275)
    (425 225)
    (475 275)
  Triangle:
    (475, 175)
    (425 175)
    (475 225)
  Triangle:
    (425, 225)
    (425 175)
    (475 225)
  Triangle:
    (475, 125)
    (425 125)
    (475 175)
  Triangle:
    (425, 175)
    (425 125)
    (475 175)
Model
  Triangle:
    (575, 200)
    (625 200)
    (575 200)
  Triangle:
    (625, 200)
    (625 200)
    (575 200)
  Triangle:
    (575, 200)
    (625 200)
    (575 200)
  Triangle:
    (625, 200)
    (625 200)
    (575 200)
  Triangle:
    (575, 200)
    (625 200)
    (575 200)
  Triangle:
    (625, 200)
    (625 200)
    (575 200)
  Triangle:
    (625, 200)
    (675 200)
    (625 200)
  Triangle:
    (675, 200)
    (675 200)
    (625 200)
  Triangle:
    (525, 200)
    (575 200)
    (525 200)
  Triangle:
    (575, 200)
    (575 200)
    (525 200)

