Model
  Triangle:
    (166, 189)
    (210 166)
    (189 233)
  Triangle:
    (233, 210)
    (210 166)
    (189 233)
  Triangle:
    (189, 233)
    (233 210)
    (211 278)
  Triangle:
    (256, 255)
    (233 210)
    (211 278)
  Triangle:
    (143, 144)
    (188 121)
    (166 189)
  Triangle:
    (210, 166)
    (188 121)
    (166 189)
  Triangle:
    (233, 210)
    (278 188)
    (256 255)
  Triangle:
    (300, 232)
    (278 188)
    (256 255)
Model
  Triangle:
    (376, 225)
    (423 225)
    (376 275)
  Triangle:
    (423, 275)
    (423 225)
    (376 275)
  Triangle:
    (376, 125)
    (423 125)
    (376 175)
  Triangle:
    (423, 175)
    (423 125)
    (376 175)
  Triangle:
    (423, 225)
    (471 225)
    (423 275)
  Triangle:
    (471, 275)
    (471 225)
    (423 275)
  Triangle:
    (423, 175)
    (471 175)
    (423 225)
  Triangle:
    (471, 225)
    (471 175)
    (423 225)
  Triangle:
    (423, 125)
    (471 125)
    (423 175)
  Triangle:
    (471, 175)
    (471 125)
    (423 175)
  Triangle:
    (328, 225)
    (376 225)
    (328 275)
  Triangle:
    (376, 275)
    (376 225)
    (328 275)
  Triangle:
    (328, 175)
    (376 175)
    (328 225)
  Triangle:
    (376, 225)
    (376 175)
    (328 225)
  Triangle:
    (328, 125)
    (376 125)
    (328 175)
  Triangle:
    (376, 175)
    (376 125)
    (328 175)
Model
  Triangle:
    (575, 182)
    (625 182)
    (575 217)
  Triangle:
    (625, 217)
    (625 182)
    (575 217)
  Triangle:
    (575, 217)
    (625 217)
    (575 253)
  Triangle:
    (625, 253)
    (625 217)
    (575 253)
  Triangle:
    (575, 146)
    (625 146)
    (575 182)
  Triangle:
    (625, 182)
    (625 146)
    (575 182)
  Triangle:
    (625, 146)
    (675 146)
    (625 182)
  Triangle:
    (675, 182)
    (675 146)
    (625 182)
  Triangle:
    (525, 146)
    (575 146)
    (525 182)
  Triangle:
    (575, 182)
    (575 146)
    (525 182)

